#! FIELDS t ff1 dff1_t
#! SET normalisation  1.000000
#! SET min_t -3.14
#! SET max_t 3.14
#! SET nbins_t  300
#! SET periodic_t true
 -3.140000 26.610977 0.493059
 -3.119067 26.621967 0.492227
 -3.098133 26.631935 0.494378
 -3.077200 26.642344 0.502849
 -3.056267 26.653041 0.515559
 -3.035333 26.663878 0.540059
 -3.014400 26.675927 0.570143
 -2.993467 26.688005 0.618442
 -2.972533 26.701273 0.672588
 -2.951600 26.716087 0.731032
 -2.930667 26.732475 0.810835
 -2.909733 26.750214 0.899964
 -2.888800 26.770208 0.992011
 -2.867867 26.792458 1.096412
 -2.846933 26.816419 1.202277
 -2.826000 26.842682 1.309815
 -2.805067 26.871548 1.420107
 -2.784133 26.902377 1.527419
 -2.763200 26.935290 1.627271
 -2.742267 26.970705 1.717393
 -2.721333 27.007557 1.800101
 -2.700400 27.046088 1.869597
 -2.679467 27.085683 1.926320
 -2.658533 27.126568 1.962952
 -2.637600 27.167745 1.976538
 -2.616667 27.209019 1.973110
 -2.595733 27.250516 1.942464
 -2.574800 27.290796 1.892796
 -2.553867 27.329912 1.817679
 -2.532933 27.367262 1.721680
 -2.512000 27.402009 1.602253
 -2.491067 27.434040 1.462196
 -2.470133 27.462829 1.300971
 -2.449200 27.488559 1.113893
 -2.428267 27.509784 0.908078
 -2.407333 27.526262 0.688561
 -2.386400 27.538007 0.459491
 -2.365467 27.545032 0.213213
 -2.344533 27.546414 -0.043418
 -2.323600 27.542738 -0.300849
 -2.302667 27.533161 -0.565035
 -2.281733 27.518585 -0.831196
 -2.260800 27.498092 -1.102076
 -2.239867 27.472122 -1.367907
 -2.218933 27.440952 -1.627869
 -2.198000 27.404274 -1.884985
 -2.177067 27.361903 -2.137052
 -2.156133 27.313630 -2.394575
 -2.135200 27.260358 -2.639751
 -2.114267 27.202473 -2.877079
 -2.093333 27.139265 -3.113199
 -2.072400 27.070815 -3.348325
 -2.051467 26.997340 -3.582900
 -2.030533 26.919680 -3.817119
 -2.009600 26.836726 -4.052782
 -1.988667 26.749117 -4.286589
 -1.967733 26.656481 -4.525672
 -1.946800 26.558534 -4.770477
 -1.925867 26.456104 -5.019996
 -1.904933 26.348539 -5.281102
 -1.884000 26.234896 -5.547113
 -1.863067 26.116066 -5.813736
 -1.842133 25.991077 -6.090026
 -1.821200 25.860809 -6.367472
 -1.800267 25.724687 -6.654387
 -1.779333 25.582295 -6.944284
 -1.758400 25.433982 -7.235817
 -1.737467 25.279376 -7.515109
 -1.716533 25.119144 -7.794496
 -1.695600 24.953232 -8.065476
 -1.674667 24.781686 -8.321776
 -1.653733 24.604834 -8.562927
 -1.632800 24.423243 -8.794960
 -1.611867 24.236857 -8.997894
 -1.590933 24.046848 -9.177314
 -1.570000 23.853126 -9.327608
 -1.549067 23.656126 -9.444924
 -1.528133 23.457489 -9.527361
 -1.507200 23.257785 -9.572179
 -1.486267 23.057624 -9.581514
 -1.465333 22.857636 -9.546877
 -1.444400 22.658591 -9.469158
 -1.423467 22.461447 -9.348689
 -1.402533 22.267342 -9.183408
 -1.381600 22.077235 -8.978856
 -1.360667 21.892174 -8.729175
 -1.339733 21.712340 -8.438297
 -1.318800 21.539216 -8.104038
 -1.297867 21.373268 -7.731066
 -1.276933 21.216019 -7.316909
 -1.256000 21.067315 -6.864941
 -1.235067 20.928567 -6.379571
 -1.214133 20.800435 -5.861333
 -1.193200 20.683530 -5.310489
 -1.172267 20.578408 -4.731791
 -1.151333 20.485706 -4.129632
 -1.130400 20.405839 -3.505488
 -1.109467 20.339199 -2.860781
 -1.088533 20.286088 -2.195997
 -1.067600 20.247313 -1.519885
 -1.046667 20.222804 -0.835815
 -1.025733 20.212629 -0.139948
 -1.004800 20.217077 0.559961
 -0.983867 20.236218 1.260314
 -0.962933 20.269827 1.960807
 -0.942000 20.318426 2.650612
 -0.921067 20.380971 3.330534
 -0.900133 20.457666 3.996493
 -0.879200 20.548428 4.648735
 -0.858267 20.652159 5.276985
 -0.837333 20.769156 5.883629
 -0.816400 20.898731 6.462960
 -0.795467 21.040138 7.009412
 -0.774533 21.192082 7.523844
 -0.753600 21.354728 7.999112
 -0.732667 21.526857 8.432035
 -0.711733 21.707097 8.819994
 -0.690800 21.895682 9.161110
 -0.669867 22.090610 9.448913
 -0.648933 22.290738 9.685759
 -0.628000 22.495469 9.865783
 -0.607067 22.703248 9.985094
 -0.586133 22.912871 10.048037
 -0.565200 23.123348 10.051304
 -0.544267 23.332987 9.991944
 -0.523333 23.540657 9.870777
 -0.502400 23.745318 9.691769
 -0.481467 23.945853 9.450595
 -0.460533 24.140630 9.155927
 -0.439600 24.328469 8.804664
 -0.418667 24.508537 8.401741
 -0.397733 24.679146 7.942342
 -0.376800 24.839493 7.437438
 -0.355867 24.989364 6.891061
 -0.334933 25.127378 6.308374
 -0.314000 25.252744 5.689817
 -0.293067 25.364835 5.041495
 -0.272133 25.463145 4.363251
 -0.251200 25.547137 3.664449
 -0.230267 25.616425 2.953724
 -0.209333 25.670234 2.223395
 -0.188400 25.709163 1.482707
 -0.167467 25.732261 0.742692
 -0.146533 25.739859 -0.007225
 -0.125600 25.731059 -0.759349
 -0.104667 25.707318 -1.509937
 -0.083733 25.668012 -2.250936
 -0.062800 25.612749 -2.986210
 -0.041867 25.542466 -3.713954
 -0.020933 25.457030 -4.437621
 0.000000 25.357274 -5.157791
 0.020933 25.242296 -5.854659
 0.041867 25.112337 -6.533173
 0.062800 24.968815 -7.197303
 0.083733 24.811186 -7.849614
 0.104667 24.640800 -8.472314
 0.125600 24.457087 -9.067050
 0.146533 24.261844 -9.630736
 0.167467 24.054210 -10.165083
 0.188400 23.835596 -10.670284
 0.209333 23.607734 -11.132340
 0.230267 23.370170 -11.550274
 0.251200 23.124357 -11.928132
 0.272133 22.871094 -12.265449
 0.293067 22.611020 -12.548822
 0.314000 22.345671 -12.789934
 0.334933 22.075587 -12.974694
 0.355867 21.802233 -13.111805
 0.376800 21.526943 -13.197976
 0.397733 21.250531 -13.230294
 0.418667 20.973445 -13.211765
 0.439600 20.697147 -13.147074
 0.460533 20.423049 -13.030004
 0.481467 20.151657 -12.868430
 0.502400 19.884217 -12.663010
 0.523333 19.621662 -12.419172
 0.544267 19.364523 -12.134428
 0.565200 19.113853 -11.809917
 0.586133 18.870445 -11.453140
 0.607067 18.634894 -11.067573
 0.628000 18.407580 -10.650882
 0.648933 18.188920 -10.209985
 0.669867 17.979822 -9.749408
 0.690800 17.780647 -9.268683
 0.711733 17.591891 -8.771824
 0.732667 17.413546 -8.264446
 0.753600 17.245997 -7.743435
 0.774533 17.089515 -7.215090
 0.795467 16.944018 -6.677689
 0.816400 16.810014 -6.138789
 0.837333 16.687271 -5.594366
 0.858267 16.576091 -5.049779
 0.879200 16.475975 -4.502132
 0.900133 16.387568 -3.957295
 0.921067 16.310438 -3.414295
 0.942000 16.244495 -2.874291
 0.962933 16.190022 -2.332979
 0.983867 16.146847 -1.795396
 1.004800 16.114841 -1.262545
 1.025733 16.094187 -0.730621
 1.046667 16.084607 -0.201008
 1.067600 16.086006 0.326625
 1.088533 16.098484 0.854134
 1.109467 16.121906 1.377217
 1.130400 16.156436 1.903621
 1.151333 16.201890 2.428775
 1.172267 16.258127 2.951461
 1.193200 16.325448 3.476072
 1.214133 16.403839 4.001808
 1.235067 16.493257 4.524166
 1.256000 16.593622 5.047665
 1.276933 16.704799 5.573756
 1.297867 16.827267 6.095165
 1.318800 16.960377 6.618230
 1.339733 17.104378 7.139651
 1.360667 17.259331 7.656681
 1.381600 17.425031 8.165360
 1.402533 17.601338 8.669845
 1.423467 17.788138 9.164893
 1.444400 17.985476 9.648734
 1.465333 18.192409 10.122367
 1.486267 18.409302 10.578334
 1.507200 18.635676 11.016658
 1.528133 18.870740 11.432365
 1.549067 19.114575 11.824047
 1.570000 19.366202 12.189750
 1.590933 19.625170 12.527919
 1.611867 19.891144 12.833008
 1.632800 20.163272 13.102966
 1.653733 20.440541 13.338468
 1.674667 20.722028 13.530775
 1.695600 21.007103 13.681342
 1.716533 21.295126 13.787947
 1.737467 21.584996 13.850492
 1.758400 21.875887 13.858843
 1.779333 22.166567 13.820369
 1.800267 22.455688 13.736337
 1.821200 22.742582 13.605018
 1.842133 23.026211 13.420794
 1.863067 23.305445 13.187408
 1.884000 23.579526 12.905679
 1.904933 23.847131 12.578327
 1.925867 24.107181 12.208196
 1.946800 24.359631 11.791150
 1.967733 24.602614 11.337581
 1.988667 24.835699 10.850995
 2.009600 25.058548 10.327409
 2.030533 25.270580 9.770640
 2.051467 25.470322 9.196113
 2.072400 25.657519 8.605192
 2.093333 25.832179 7.990086
 2.114267 25.993733 7.366433
 2.135200 26.142451 6.734248
 2.156133 26.277808 6.099434
 2.177067 26.399836 5.469569
 2.198000 26.508702 4.840839
 2.218933 26.604131 4.221210
 2.239867 26.687605 3.611494
 2.260800 26.757902 3.032810
 2.281733 26.816653 2.475427
 2.302667 26.863487 1.951510
 2.323600 26.900133 1.445282
 2.344533 26.926947 0.970747
 2.365467 26.943043 0.544309
 2.386400 26.951386 0.158625
 2.407333 26.951833 -0.191998
 2.428267 26.945660 -0.504761
 2.449200 26.933376 -0.771496
 2.470133 26.916273 -0.999575
 2.491067 26.894055 -1.186645
 2.512000 26.868796 -1.331055
 2.532933 26.840311 -1.434726
 2.553867 26.809897 -1.497963
 2.574800 26.779380 -1.529713
 2.595733 26.748635 -1.533334
 2.616667 26.717326 -1.499878
 2.637600 26.687033 -1.447810
 2.658533 26.658109 -1.369698
 2.679467 26.631303 -1.271839
 2.700400 26.606718 -1.156370
 2.721333 26.584407 -1.022459
 2.742267 26.564624 -0.883475
 2.763200 26.547822 -0.742243
 2.784133 26.534027 -0.596159
 2.805067 26.523622 -0.456042
 2.826000 26.516171 -0.319709
 2.846933 26.511063 -0.188455
 2.867867 26.508818 -0.059720
 2.888800 26.509349 0.051524
 2.909733 26.511682 0.153737
 2.930667 26.516153 0.242870
 2.951600 26.522297 0.318940
 2.972533 26.529754 0.378802
 2.993467 26.538161 0.426384
 3.014400 26.547459 0.460788
 3.035333 26.557947 0.484962
 3.056267 26.568288 0.499272
 3.077200 26.578837 0.500058
 3.098133 26.590024 0.495149
 3.119067 26.600497 0.495419
