<simulation verbosity='high'>
   <step>100000</step>
   <total_steps>100000</total_steps>
   <output prefix='simulation'>
      <properties stride='20' shape='(7)'>
       [ step, time{picosecond}, conserved{kelvin}, temperature{kelvin}, kinetic_cv{kelvin}, 
         potential{electronvolt}, pressure_cv{megapascal} ]
      </properties>
      <trajectory filename='pos' stride='20' cell_units='angstrom'>positions{angstrom}</trajectory>
      <trajectory filename='force' stride='20' cell_units='angstrom'>forces{piconewton}</trajectory>
   </output>
   <prng>
      <set_pos>188</set_pos>
      <state shape='(624)'>
       [ 1944454334, 1782866952, 4062460908, 307793412, 495203538, 
         1943092664, 373359720, 1854600628, 2627274546, 1853871031, 
         2486059308, 3385083445, 472368370, 4100196871, 4109208156, 
         3592364978, 180700460, 3977213135, 1724849880, 1319844565, 
         912172030, 1660382187, 2697585576, 2994424952, 3279278472, 
         1845015342, 2149875997, 2368879975, 3598679555, 3031757202, 
         2642819754, 1398288446, 2543965398, 306085721, 3132262164, 
         2036387367, 4284195414, 1935031307, 2640677748, 1028479542, 
         4153476163, 3219264366, 3136096354, 425009305, 4089792856, 
         1539072073, 1131075137, 417855335, 442321799, 2543087861, 
         728180567, 2236549562, 872252769, 2868642813, 1431367577, 
         3824189032, 189562411, 4115388607, 2774390531, 3804993735, 
         840366256, 1234540550, 4284570436, 23810028, 2540898720, 
         2689591416, 10418041, 1752830081, 4279840835, 2945835978, 
         3406389620, 329315753, 934217859, 1581630026, 1333179670, 
         462535921, 2072079271, 2906872215, 1262551904, 2294441031, 
         2780859665, 3490128775, 218169288, 2201037898, 2753995470, 
         4250950286, 1529579044, 2389495066, 2120672115, 2273832641, 
         1885775684, 361483957, 3944026678, 2270385314, 333418830, 
         1109521638, 2419256081, 1889509894, 2970844364, 1396678064, 
         1406817241, 392120424, 1427226468, 3676117804, 1980960343, 
         1480775798, 2893349439, 692223272, 1744761542, 3170108253, 
         2771612997, 2332116544, 3868287773, 3591996435, 4178907212, 
         3622853163, 3206745087, 1962414274, 1967629651, 38298285, 
         4001287737, 1187288840, 3200841134, 2980097908, 112040428, 
         3873153647, 239268916, 243124127, 366418655, 894308279, 
         1487284320, 993521170, 2088776601, 3566702192, 3360686099, 
         3042401066, 2028890252, 2312339974, 1936323514, 2042581603, 
         3952609777, 396102341, 3537351273, 3329436829, 2567207717, 
         2623773045, 3888639666, 3431285468, 2499346649, 1960383536, 
         2759259849, 4209388052, 2133404393, 3143547465, 1387280175, 
         163448410, 1702515435, 617795102, 483614725, 4239753785, 
         3822379991, 2686788120, 1206904774, 76041440, 3188762638, 
         1709597025, 482100447, 1319748966, 34087324, 1047940845, 
         2765214936, 2011506527, 1234884940, 1211307169, 1763758756, 
         388522408, 1492935122, 1870202668, 1750913669, 3770133941, 
         1048394585, 1749514488, 2630786655, 957623313, 783099283, 
         2530791112, 3208134334, 2849108787, 1947432222, 2739757132, 
         3367307761, 911376120, 1707481494, 192422953, 2111462233, 
         548475847, 1113093229, 1375872892, 1765478662, 2076281200, 
         4124687896, 1521057142, 1453768691, 3252478257, 2893751458, 
         3962795882, 310010285, 1333610129, 2905437138, 1932143871, 
         809318209, 3751100779, 180083620, 1329763734, 3436672181, 
         2896783197, 2947082293, 3558251596, 4240186912, 3052396423, 
         4160995192, 3580895924, 240193031, 1202699389, 4228166821, 
         145983090, 1434366503, 947501356, 3164649166, 2623969695, 
         3080731456, 597575350, 709843572, 2877289569, 3239199772, 
         2916222181, 3491791575, 445613077, 4139494750, 2114261745, 
         570903414, 3507740811, 2433925230, 779803890, 1703143678, 
         3193836265, 392223154, 1420876221, 2279277558, 1047006068, 
         2804854023, 3508036014, 2320762826, 3727055848, 1106336508, 
         253800552, 2574743434, 2880395125, 1026722165, 2424525009, 
         979403978, 1978546429, 3950695426, 1896021899, 1187842020, 
         1798454332, 66323751, 369063963, 4041403317, 436862414, 
         3736242038, 1031536355, 2668425306, 1360350489, 3631481130, 
         282213275, 2338700505, 3571403745, 1765310766, 2950225375, 
         2840635248, 1026846454, 4285569208, 1576119091, 3595981948, 
         3761252221, 2894805550, 1519901545, 2592373158, 3688229348, 
         834378047, 1382277523, 4022987946, 2014068269, 1151070158, 
         4131631138, 1347385507, 3019584794, 1382876334, 1866657354, 
         3632883249, 1763655581, 2380903584, 555543248, 444736587, 
         2561405769, 940602217, 2673872905, 2866033850, 2063190767, 
         569185679, 489538187, 3406497309, 2915346396, 2219269795, 
         1513142012, 2219960225, 1542636237, 3259816778, 2355474669, 
         3683726566, 2571893316, 493692773, 1417562220, 2290288506, 
         2180618935, 2007696986, 1267900590, 2184786255, 739200149, 
         3560072326, 4289618238, 1289195809, 3267179666, 1195204586, 
         4285746740, 2902534419, 3756080975, 956333262, 446645662, 
         4289336636, 3448244944, 953784432, 2074223415, 3568442852, 
         580133578, 582564906, 647090457, 2283857698, 3056219460, 
         262003921, 3809869991, 1995639986, 1646724210, 609772100, 
         762478352, 2920983691, 3105890594, 2697007768, 3704412424, 
         1881063079, 1520000741, 3733761714, 4010123130, 1290781567, 
         1451170230, 2300551222, 1815213274, 4159591807, 124874456, 
         2747498571, 1720429998, 1607760075, 368865404, 3182242013, 
         4249862083, 2389520465, 2340320351, 3586651399, 768507937, 
         61723470, 58566080, 1456675551, 1998004237, 1130812020, 
         3263122763, 1415817464, 3947493408, 2155515002, 775815000, 
         1778449481, 407114047, 1376251855, 1653284353, 2518831029, 
         590376159, 3613022610, 1320613439, 2193121897, 636773772, 
         543338820, 3955179543, 4286723640, 972296991, 1178284005, 
         258675568, 2799010293, 1893871233, 182903472, 293185583, 
         1079743815, 1547284205, 912762763, 3535773484, 499242489, 
         571824773, 2527128266, 1112347930, 4169743547, 3076580491, 
         1112609645, 659913083, 2464608312, 2156296939, 3454616981, 
         2217716547, 3837724965, 2530922874, 2981870122, 1488219488, 
         1391794819, 4272924280, 2806183077, 3680740367, 3623171865, 
         1627862946, 1411878483, 3086286237, 4034630346, 3510568277, 
         3677975555, 807980350, 3904625850, 1297025096, 689750402, 
         151419679, 818249752, 3332197270, 503610012, 2495008559, 
         1109062265, 3450178636, 1128935048, 991699215, 2813731068, 
         460768280, 2981473152, 3729347424, 1989773392, 1545902255, 
         518752534, 19065097, 822745586, 363257643, 2085582316, 
         3292784836, 4247192541, 2718766814, 2303797267, 4067681076, 
         2004869538, 894541611, 1693907599, 3005675968, 1898300162, 
         2362489053, 3908712226, 3929203294, 2956300651, 1685004146, 
         3370208149, 4052483942, 2961107157, 428924459, 683280727, 
         638641192, 1240415450, 4261169157, 2464150586, 1250691440, 
         1420070614, 470314247, 2319379937, 4071785117, 2956206682, 
         3183575765, 938903240, 663620672, 827931915, 3194730507, 
         3590741410, 2210721302, 2821970015, 387381293, 81899586, 
         1818089885, 863538037, 3944353071, 3453829435, 1656321787, 
         1299077269, 2489747088, 1384791177, 2034400703, 4014842135, 
         3084822278, 1861568913, 818498250, 758055908, 2105231511, 
         4014623861, 917439271, 2980464900, 569243828, 1992672642, 
         1324011658, 2516106644, 1339093308, 993569982, 1376317302, 
         2098411623, 1978984856, 3950571408, 422859754, 1331991773, 
         2544158694, 2274542592, 3999624293, 3650980505, 3446947586, 
         4095559769, 3663129215, 2304744844, 4231346274, 2895697940, 
         1732468176, 1053931766, 1461607241, 1716702163, 2350682380, 
         2488572263, 4005912780, 2969283571, 1227623638, 2529772750, 
         2419167311, 1452593989, 4037009307, 1977200450, 1227518841, 
         13695680, 454833848, 2985746859, 1122267920, 1766741144, 
         2146468889, 3475439788, 3531597054, 1743424773, 1871028685, 
         1882791028, 296481021, 3124499712, 1149421572, 2375195478, 
         1323261944, 2406492549, 2843759661, 1904308068, 3267138495, 
         3818751757, 1585611896, 3037137904, 3119914103, 1294350518, 
         970186482, 3083565025, 1885597930, 4063685560, 769976486, 
         3385609973, 1386083900, 4189612342, 580155093, 2977459705, 
         4237966255, 2287310324, 4039017439, 24028054, 233944498, 
         512700645, 4157368309, 2539622853, 986236852, 2670955111, 
         3057188856, 3043050832, 1006720350, 2648848548, 2022928588, 
         3364558836, 902016754, 1240286010, 3695983410, 978505304, 
         1529951569, 4135842931, 1388940651, 3070307031, 4041510583, 
         670793642, 3323673952, 1309465760, 2930334669 ]
      </state>
      <seed>3348</seed>
   </prng>
   <ffsocket pbc='False' name='driver'>
      <port>31415</port>
   </ffsocket>
   <system>
      <cell shape='(3, 3)'>
       [   1.88972610e+02,   1.15712351e-14,   1.15712351e-14,   0.00000000e+00,   1.88972610e+02, 
           1.15712351e-14,   0.00000000e+00,   0.00000000e+00,   1.88972610e+02 ]
      </cell>
      <motion mode='dynamics'>
         <dynamics mode='nvt'>
            <timestep>  1.03353433e+01</timestep>
            <nmts shape='(1)'> [ 1 ] </nmts>
            <thermostat mode='pile_g'>
               <tau>  4.13413730e+02</tau>
               <ethermo> -3.90071669e-02</ethermo>
            </thermostat>
         </dynamics>
      </motion>
      <beads natoms='8' nbeads='1'>
         <q shape='(1, 24)'>
          [   7.25814642e+00,   8.15703478e+00,   9.05686497e+00,   7.84785950e+00,   7.00777322e+00, 
              6.10214181e+00,   5.26376912e+00,   7.48485912e+00,   9.56803653e+00,   8.45512836e+00, 
              7.00516373e+00,   1.04244116e+01,   7.71464404e+00,   1.01911734e+01,   8.82090025e+00, 
              7.88037357e+00,   4.88475538e+00,   5.89583108e+00,   6.45533830e+00,   7.62377762e+00, 
              4.80949281e+00,   9.72481712e+00,   7.60365064e+00,   5.34383548e+00 ]
         </q>
         <p shape='(1, 24)'>
          [   1.17593409e+00,   1.16628256e+01,   7.08557979e+00,   2.30074781e+00,  -9.28366706e+00, 
              2.67119680e+00,  -1.06919252e+00,   2.80130850e-01,  -2.80883266e+00,  -1.55169861e+00, 
             -2.47801915e+00,  -2.73217656e+00,  -1.74411849e+00,  -2.25046911e+00,  -2.81263429e+00, 
             -3.19718518e+00,   2.83618307e+00,  -2.23933311e+00,   3.14034096e+00,  -3.98258243e+00, 
              7.50175813e-01,   9.45171933e-01,   3.21559826e+00,   8.60242193e-02 ]
         </p>
         <m shape='(8)'>
          [   2.18941669e+04,   2.18941669e+04,   1.83736223e+03,   1.83736223e+03,   1.83736223e+03, 
              1.83736223e+03,   1.83736223e+03,   1.83736223e+03 ]
         </m>
         <names shape='(8)'>
          [ C, C, H, H, H, 
            H, H, H ]
         </names>
      </beads>
      <forces>
         <force forcefield='driver'>
         </force>
      </forces>
      <ensemble>
         <temperature>  4.75022280e-03</temperature>
         <eens>  2.03924190e-02</eens>
         <time>  1.03353432e+06</time>
         <hamiltonian_weights shape='(1)'> [   1.00000000e+00 ] </hamiltonian_weights>
      </ensemble>
   </system>
</simulation>
