#! FIELDS t hh1 dhh1_t
#! SET normalisation    5.0000000000000000e+03
#! SET min_t -3.14
#! SET max_t 3.14
#! SET nbins_t  300
#! SET periodic_t true
  -3.1400000000000001e+00   1.1839721713889610e-01  -4.6807488955341115e-03
  -3.1190666666666669e+00   1.1829293647235223e-01  -4.6687272944788876e-03
  -3.0981333333333336e+00   1.1819842320170981e-01  -4.6853896000808920e-03
  -3.0771999999999999e+00   1.1809981738892159e-01  -4.7616930528924257e-03
  -3.0562666666666667e+00   1.1799856858660480e-01  -4.8778614213204610e-03
  -3.0353333333333334e+00   1.1789607745754131e-01  -5.1052252840293119e-03
  -3.0144000000000002e+00   1.1778223649083207e-01  -5.3844103642953656e-03
  -2.9934666666666669e+00   1.1766822246338281e-01  -5.8348940589406243e-03
  -2.9725333333333332e+00   1.1754311261671642e-01  -6.3390001765032756e-03
  -2.9516000000000000e+00   1.1740357716269971e-01  -6.8816472267527072e-03
  -2.9306666666666668e+00   1.1724940770114221e-01  -7.6228528435478100e-03
  -2.9097333333333335e+00   1.1708275371088923e-01  -8.4487581246855906e-03
  -2.8888000000000003e+00   1.1689520815346000e-01  -9.2979658409621298e-03
  -2.8678666666666670e+00   1.1668683956213646e-01  -1.0258182263435686e-02
  -2.8469333333333333e+00   1.1646287260476570e-01  -1.1227078254159320e-02
  -2.8260000000000001e+00   1.1621788288535168e-01  -1.2205556751955872e-02
  -2.8050666666666668e+00   1.1594921086080537e-01  -1.3202725110722650e-02
  -2.7841333333333336e+00   1.1566294132175069e-01  -1.4165344157452759e-02
  -2.7632000000000003e+00   1.1535810906678734e-01  -1.5051599294871388e-02
  -2.7422666666666666e+00   1.1503099931094860e-01  -1.5840145887752708e-02
  -2.7213333333333334e+00   1.1469160578366511e-01  -1.6554002944323097e-02
  -2.7004000000000001e+00   1.1433781786072361e-01  -1.7140066499804381e-02
  -2.6794666666666669e+00   1.1397539180663893e-01  -1.7604115009945808e-02
  -2.6585333333333336e+00   1.1360237025646029e-01  -1.7880171307325166e-02
  -2.6375999999999999e+00   1.1322790696720599e-01  -1.7944578030230328e-02
  -2.6166666666666667e+00   1.1285381099832836e-01  -1.7854271170809771e-02
  -2.5957333333333334e+00   1.1247894237617516e-01  -1.7518575354154381e-02
  -2.5748000000000002e+00   1.1211625286915783e-01  -1.7015588456886329e-02
  -2.5538666666666670e+00   1.1176516457419104e-01  -1.6289144270561447e-02
  -2.5329333333333333e+00   1.1143094960263525e-01  -1.5382706451736261e-02
  -2.5120000000000000e+00   1.1112092475055339e-01  -1.4275839112193564e-02
  -2.4910666666666668e+00   1.1083590423721973e-01  -1.2994529454956489e-02
  -2.4701333333333335e+00   1.1058034926306977e-01  -1.1535071580523739e-02
  -2.4492000000000003e+00   1.1035244432318440e-01  -9.8559810188630671e-03
  -2.4282666666666666e+00   1.1016480708620438e-01  -8.0212209480712126e-03
  -2.4073333333333333e+00   1.1001935175515166e-01  -6.0741560684211340e-03
  -2.3864000000000001e+00   1.0991578962256189e-01  -4.0495994110196117e-03
  -2.3654666666666668e+00   1.0985389041546943e-01  -1.8780379253916198e-03
  -2.3445333333333336e+00   1.0984171889668273e-01   3.8239214326924679e-04
  -2.3235999999999999e+00   1.0987409587395457e-01   2.6504394237974139e-03
  -2.3026666666666666e+00   1.0995850627583009e-01   4.9817171602209564e-03
  -2.2817333333333334e+00   1.1008709439229322e-01   7.3369350873639478e-03
  -2.2608000000000001e+00   1.1026813403912397e-01   9.7439723723429551e-03
  -2.2398666666666669e+00   1.1049798718807105e-01   1.2119521482716339e-02
  -2.2189333333333332e+00   1.1077448762266856e-01   1.4458852300061335e-02
  -2.1980000000000000e+00   1.1110074605585292e-01   1.6791880915337377e-02
  -2.1770666666666667e+00   1.1147883987302092e-01   1.9102143984902589e-02
  -2.1561333333333335e+00   1.1191117094222605e-01   2.1487035074120725e-02
  -2.1352000000000002e+00   1.1239021054759625e-01   2.3788442832547711e-02
  -2.1142666666666665e+00   1.1291305659048571e-01   2.6047770345587463e-02
  -2.0933333333333333e+00   1.1348677120335612e-01   2.8328700066477745e-02
  -2.0724000000000000e+00   1.1411134721248074e-01   3.0635922547063679e-02
  -2.0514666666666668e+00   1.1478560288973627e-01   3.2975904974331845e-02
  -2.0305333333333335e+00   1.1550259136475313e-01   3.5351020691418135e-02
  -2.0095999999999998e+00   1.1627339828680078e-01   3.7784021013555276e-02
  -1.9886666666666668e+00   1.1709304918531060e-01   4.0245520370810285e-02
  -1.9677333333333333e+00   1.1796602738771855e-01   4.2806978809585415e-02
  -1.9468000000000001e+00   1.1889612066754186e-01   4.5478288317766062e-02
  -1.9258666666666666e+00   1.1987663882949522e-01   4.8251689494403865e-02
  -1.9049333333333334e+00   1.2091501087891664e-01   5.1201107989110414e-02
  -1.8840000000000001e+00   1.2202183734975827e-01   5.4272418895837594e-02
  -1.8630666666666666e+00   1.2319001204116817e-01   5.7425579132509702e-02
  -1.8421333333333334e+00   1.2443080652017124e-01   6.0760542567094879e-02
  -1.8211999999999999e+00   1.2573730954960916e-01   6.4195678150649763e-02
  -1.8002666666666667e+00   1.2711718209539280e-01   6.7824548788445932e-02
  -1.7793333333333334e+00   1.2857681881346045e-01   7.1592036093474143e-02
  -1.7584000000000000e+00   1.3011497930205806e-01   7.5490009810870590e-02
  -1.7374666666666667e+00   1.3173799892841809e-01   7.9381792342787430e-02
  -1.7165333333333332e+00   1.3344144339488465e-01   8.3397560951302144e-02
  -1.6956000000000000e+00   1.3522848114711566e-01   8.7452610389205238e-02
  -1.6746666666666667e+00   1.3710137881528453e-01   9.1481319419317142e-02
  -1.6537333333333333e+00   1.3905936236776020e-01   9.5476622283067747e-02
  -1.6328000000000000e+00   1.4109891386837131e-01   9.9502067937519464e-02
  -1.6118666666666666e+00   1.4322343649674343e-01   1.0333073612517450e-01
  -1.5909333333333333e+00   1.4542219044567700e-01   1.0700913429744457e-01
  -1.5700000000000001e+00   1.4769865382043187e-01   1.1046416362391105e-01
  -1.5490666666666666e+00   1.5005018991252239e-01   1.1363433640622504e-01
  -1.5281333333333333e+00   1.5245917615411217e-01   1.1646642831095116e-01
  -1.5072000000000001e+00   1.5492008756146661e-01   1.1890309152781124e-01
  -1.4862666666666666e+00   1.5742649197813549e-01   1.2094462153032369e-01
  -1.4653333333333334e+00   1.5997123524703208e-01   1.2245536357680827e-01
  -1.4443999999999999e+00   1.6254482252410973e-01   1.2341248178969663e-01
  -1.4234666666666667e+00   1.6513463348817561e-01   1.2378370589751589e-01
  -1.4025333333333334e+00   1.6772483611635775e-01   1.2350252941445693e-01
  -1.3815999999999999e+00   1.7030105833054746e-01   1.2260634211703075e-01
  -1.3606666666666667e+00   1.7284690848002893e-01   1.2097883106642442e-01
  -1.3397333333333332e+00   1.7535731565191356e-01   1.1864605260464423e-01
  -1.3188000000000000e+00   1.7780848372791005e-01   1.1553897317600290e-01
  -1.2978666666666667e+00   1.8019021088681580e-01   1.1169793756169283e-01
  -1.2769333333333333e+00   1.8247651186940905e-01   1.0705556176495264e-01
  -1.2560000000000000e+00   1.8466526675404382e-01   1.0164748267431654e-01
  -1.2350666666666665e+00   1.8673113721358031e-01   9.5517461855023175e-02
  -1.2141333333333333e+00   1.8865947200660202e-01   8.8664458759629861e-02
  -1.1932000000000000e+00   1.9043620703054828e-01   8.1088382686668264e-02
  -1.1722666666666666e+00   1.9204814235126194e-01   7.2863532213732637e-02
  -1.1513333333333333e+00   1.9348095590001246e-01   6.4065488596238437e-02
  -1.1303999999999998e+00   1.9472396698354488e-01   5.4732142724927144e-02
  -1.1094666666666666e+00   1.9576721665312891e-01   4.4905455950556686e-02
  -1.0885333333333334e+00   1.9660267038709475e-01   3.4617506992899588e-02
  -1.0676000000000001e+00   1.9721486559603693e-01   2.4033936403183281e-02
  -1.0466666666666664e+00   1.9760280662002241e-01   1.3242741836473724e-02
  -1.0257333333333332e+00   1.9776408521156971e-01   2.2191646881139352e-03
  -1.0047999999999999e+00   1.9769357166867788e-01  -8.8761568042903510e-03
  -9.8386666666666667e-01   1.9739039857250251e-01  -1.9947073870928627e-02
  -9.6293333333333342e-01   1.9685916818561838e-01  -3.0950308955923361e-02
  -9.4199999999999973e-01   1.9609355420628075e-01  -4.1675813657830130e-02
  -9.2106666666666648e-01   1.9511261929985402e-01  -5.2104323048312071e-02
  -9.0013333333333323e-01   1.9391644324390819e-01  -6.2139573876876728e-02
  -8.7919999999999998e-01   1.9251036442703195e-01  -7.1756870675694667e-02
  -8.5826666666666673e-01   1.9091582761121362e-01  -8.0779721406193689e-02
  -8.3733333333333348e-01   1.8913321681189080e-01  -8.9225227536498863e-02
  -8.1639999999999979e-01   1.8717838432688919e-01  -9.6997769920044857e-02
  -7.9546666666666654e-01   1.8506810196847592e-01  -1.0401302190237342e-01
  -7.7453333333333330e-01   1.8282707711221888e-01  -1.1029476371272015e-01
  -7.5360000000000005e-01   1.8045827123420416e-01  -1.1574257948868197e-01
  -7.3266666666666680e-01   1.7798477433061285e-01  -1.2033441252143298e-01
  -7.1173333333333311e-01   1.7543104503073545e-01  -1.2406501490727051e-01
  -6.9079999999999986e-01   1.7279829824376747e-01  -1.2692938059826059e-01
  -6.6986666666666661e-01   1.7011851472540160e-01  -1.2888667399050427e-01
  -6.4893333333333336e-01   1.6741048864182934e-01  -1.3001423559380504e-01
  -6.2800000000000011e-01   1.6468476189034731e-01  -1.3027454717264916e-01
  -6.0706666666666642e-01   1.6196384565123956e-01  -1.2967158986275687e-01
  -5.8613333333333317e-01   1.5926431383873779e-01  -1.2831407508636530e-01
  -5.6519999999999992e-01   1.5659906385579822e-01  -1.2620778629832155e-01
  -5.4426666666666668e-01   1.5398875829341876e-01  -1.2337114660350873e-01
  -5.2333333333333343e-01   1.5144588222693611e-01  -1.1986252016891147e-01
  -5.0239999999999974e-01   1.4898092311498298e-01  -1.1577327174072861e-01
  -4.8146666666666649e-01   1.4660458406626212e-01  -1.1109161795682414e-01
  -4.6053333333333324e-01   1.4433277453643015e-01  -1.0595998153652519e-01
  -4.3959999999999999e-01   1.4217523448913055e-01  -1.0037170702012303e-01
  -4.1866666666666674e-01   1.4013722962430314e-01  -9.4405521565419495e-02
  -3.9773333333333305e-01   1.3823324823502686e-01  -8.8031013692728408e-02
  -3.7679999999999980e-01   1.3646738178399373e-01  -8.1381702871590703e-02
  -3.5586666666666655e-01   1.3483727590951877e-01  -7.4502463830254606e-02
  -3.3493333333333331e-01   1.3335336815220200e-01  -6.7452179199678122e-02
  -3.1400000000000006e-01   1.3201961668860734e-01  -6.0229784914283879e-02
  -2.9306666666666636e-01   1.3083838647968701e-01  -5.2889461610068404e-02
  -2.7213333333333312e-01   1.2981108944527586e-01  -4.5414708941093930e-02
  -2.5119999999999987e-01   1.2893979327004482e-01  -3.7885260879569477e-02
  -2.3026666666666662e-01   1.2822544555225318e-01  -3.0368173543171530e-02
  -2.0933333333333337e-01   1.2767340590117202e-01  -2.2761013260373192e-02
  -1.8839999999999968e-01   1.2727551319375602e-01  -1.5131247112723819e-02
  -1.6746666666666643e-01   1.2704001027949402e-01  -7.5652620534201985e-03
  -1.4653333333333318e-01   1.2696263457096107e-01   7.3551212785317023e-05
  -1.2559999999999993e-01   1.2705225337468845e-01   7.7356801767500061e-03
  -1.0466666666666669e-01   1.2729434293715350e-01   1.5411409997791288e-02
  -8.3733333333332993e-02   1.2769615778307369e-01   2.3047065781101224e-02
  -6.2799999999999745e-02   1.2826323806621989e-01   3.0711219201286308e-02
  -4.1866666666666497e-02   1.2898809611008349e-01   3.8411451860792666e-02
  -2.0933333333333248e-02   1.2987474951733405e-01   4.6211441091121234e-02
   0.0000000000000000e+00   1.3091772918031883e-01   5.4142309816918872e-02
   2.0933333333333248e-02   1.3213025735639305e-01   6.2026668016425028e-02
   4.1866666666666941e-02   1.3351429258218780e-01   6.9940138218624770e-02
   6.2800000000000189e-02   1.3505963069032817e-01   7.7941713480872615e-02
   8.3733333333333437e-02   1.3677746592595455e-01   8.6086977461579131e-02
   1.0466666666666669e-01   1.3865892573439242e-01   9.4194259314988496e-02
   1.2559999999999993e-01   1.4071654439535486e-01   1.0230237857735801e-01
   1.4653333333333363e-01   1.4293678240798371e-01   1.1037687036778461e-01
   1.6746666666666687e-01   1.4533637332832039e-01   1.1845675363953465e-01
   1.8840000000000012e-01   1.4790639751321413e-01   1.2654282510456183e-01
   2.0933333333333337e-01   1.5063353281570388e-01   1.3445678031962813e-01
   2.3026666666666662e-01   1.5353034385065933e-01   1.4218738756228258e-01
   2.5120000000000031e-01   1.5658639178219314e-01   1.4976179791627373e-01
   2.7213333333333356e-01   1.5979870942182714e-01   1.5715612567643181e-01
   2.9306666666666681e-01   1.6316599713132876e-01   1.6417506445131802e-01
   3.1400000000000006e-01   1.6667472321476076e-01   1.7092777464025505e-01
   3.3493333333333331e-01   1.7032356203219334e-01   1.7719294812412692e-01
   3.5586666666666700e-01   1.7409792090710799e-01   1.8303352293146571e-01
   3.7680000000000025e-01   1.7798354495835791e-01   1.8834833224576053e-01
   3.9773333333333349e-01   1.8197225508182377e-01   1.9304086780167967e-01
   4.1866666666666674e-01   1.8606040768978541e-01   1.9710126247890655e-01
   4.3959999999999999e-01   1.9022838833615782e-01   2.0052984724804040e-01
   4.6053333333333368e-01   1.9445544890689390e-01   2.0316048675199863e-01
   4.8146666666666693e-01   1.9873329298206011e-01   2.0505519061262070e-01
   5.0240000000000018e-01   2.0304089749174845e-01   2.0615556717852768e-01
   5.2333333333333343e-01   2.0736064974319057e-01   2.0648739979975070e-01
   5.4426666666666668e-01   2.1168033598353608e-01   2.0595597811191743e-01
   5.6520000000000037e-01   2.1597798187570902e-01   2.0451770695886712e-01
   5.8613333333333362e-01   2.2023458185065364e-01   2.0224820186188219e-01
   6.0706666666666687e-01   2.2443365747644439e-01   1.9916589250431363e-01
   6.2800000000000011e-01   2.2856178079702458e-01   1.9519279038454218e-01
   6.4893333333333336e-01   2.3260437161106479e-01   1.9042218813307818e-01
   6.6986666666666705e-01   2.3653704953608598e-01   1.8490642224974507e-01
   6.9080000000000030e-01   2.4034489670181716e-01   1.7861895119972643e-01
   7.1173333333333355e-01   2.4401012945899711e-01   1.7162175723413173e-01
   7.3266666666666680e-01   2.4752453328271459e-01   1.6402368949707719e-01
   7.5360000000000005e-01   2.5087230757645612e-01   1.5576179574715138e-01
   7.7453333333333374e-01   2.5403983410235137e-01   1.4696644051907443e-01
   7.9546666666666699e-01   2.5702086464987040e-01   1.3761607172031071e-01
   8.1640000000000024e-01   2.5979735200207776e-01   1.2787687706561959e-01
   8.3733333333333348e-01   2.6236681769004572e-01   1.1768858652762580e-01
   8.5826666666666673e-01   2.6471617567301520e-01   1.0718337009248564e-01
   8.7920000000000043e-01   2.6684972195756235e-01   9.6329553540333734e-02
   9.0013333333333323e-01   2.6874804304838845e-01   8.5274329696990725e-02
   9.2106666666666692e-01   2.7041523124270000e-01   7.4029832522573322e-02
   9.4200000000000061e-01   2.7184882118644049e-01   6.2651684972582208e-02
   9.6293333333333342e-01   2.7303877042248176e-01   5.1075156141319390e-02
   9.8386666666666711e-01   2.7398563814982424e-01   3.9442336729562884e-02
   1.0047999999999999e+00   2.7468965686426283e-01   2.7807611479001154e-02
   1.0257333333333336e+00   2.7514493009088531e-01   1.6118635445052019e-02
   1.0466666666666673e+00   2.7535637889803333e-01   4.4379588904950688e-03
   1.0676000000000001e+00   2.7532548764843190e-01  -7.2105751729514694e-03
   1.0885333333333338e+00   2.7505015035184877e-01  -1.8837021305851315e-02
   1.1094666666666666e+00   2.7453409972244458e-01  -3.0316084507708185e-02
   1.1304000000000003e+00   2.7377504309740613e-01  -4.1787748695919676e-02
   1.1513333333333340e+00   2.7277907788116390e-01  -5.3121810581601030e-02
   1.1722666666666668e+00   2.7155184266473120e-01  -6.4263504223314144e-02
   1.1932000000000005e+00   2.7008996656167428e-01  -7.5278635135901661e-02
   1.2141333333333333e+00   2.6839764326236148e-01  -8.6121100565373462e-02
   1.2350666666666670e+00   2.6648019351083452e-01  -9.6666957504403447e-02
   1.2560000000000007e+00   2.6434432414835191e-01  -1.0698799819116321e-01
   1.2769333333333335e+00   2.6199834200702332e-01  -1.1709035201441705e-01
   1.2978666666666672e+00   2.5943820000252976e-01  -1.2679260926069277e-01
   1.3188000000000000e+00   2.5668395337113609e-01  -1.3621192995946724e-01
   1.3397333333333337e+00   2.5373726521049300e-01  -1.4525657294877589e-01
   1.3606666666666665e+00   2.5060423050494668e-01  -1.5385214631275465e-01
   1.3816000000000002e+00   2.4729669852591490e-01  -1.6190797461479048e-01
   1.4025333333333339e+00   2.4382536489546042e-01  -1.6949808565157504e-01
   1.4234666666666667e+00   2.4020058986002041e-01  -1.7651274133778688e-01
   1.4444000000000004e+00   2.3642984033374009e-01  -1.8291410499942268e-01
   1.4653333333333332e+00   2.3253930857351424e-01  -1.8873525139150393e-01
   1.4862666666666668e+00   2.2853021835840118e-01  -1.9383646371041741e-01
   1.5072000000000005e+00   2.2441957306151361e-01  -1.9823721494321270e-01
   1.5281333333333333e+00   2.2022937736526252e-01  -2.0187656380335417e-01
   1.5490666666666670e+00   2.1596546939302966e-01  -2.0475053197429494e-01
   1.5699999999999998e+00   2.1165185626153316e-01  -2.0686711126897234e-01
   1.5909333333333335e+00   2.0730233117482613e-01  -2.0823690121326000e-01
   1.6118666666666672e+00   2.0292816757637680e-01  -2.0880715056608656e-01
   1.6328000000000000e+00   1.9854830246767113e-01  -2.0859811538518694e-01
   1.6537333333333337e+00   1.9418289689600010e-01  -2.0767848321712276e-01
   1.6746666666666665e+00   1.8984927125491496e-01  -2.0597105789244524e-01
   1.6956000000000002e+00   1.8555895530142105e-01  -2.0355661339772085e-01
   1.7165333333333339e+00   1.8132273511708213e-01  -2.0045940431279005e-01
   1.7374666666666667e+00   1.7715699252800274e-01  -1.9674245552509659e-01
   1.7584000000000004e+00   1.7307278761377443e-01  -1.9232261073973125e-01
   1.7793333333333332e+00   1.6908558377205149e-01  -1.8737031697435771e-01
   1.8002666666666669e+00   1.6521090726239634e-01  -1.8196347559017612e-01
   1.8212000000000006e+00   1.6145382730393470e-01  -1.7612542386760280e-01
   1.8421333333333334e+00   1.5782351661708094e-01  -1.6983395001313409e-01
   1.8630666666666671e+00   1.5432919718502838e-01  -1.6318570894079257e-01
   1.8839999999999999e+00   1.5097462434406206e-01  -1.5622818558010512e-01
   1.9049333333333336e+00   1.4776966729894112e-01  -1.4903310878697856e-01
   1.9258666666666673e+00   1.4472038556964018e-01  -1.4166278338113658e-01
   1.9468000000000001e+00   1.4182043186854404e-01  -1.3408171688090803e-01
   1.9677333333333338e+00   1.3908411937034201e-01  -1.2643652204537278e-01
   1.9886666666666666e+00   1.3650890228934670e-01  -1.1876955218076342e-01
   2.0096000000000003e+00   1.3409137309870142e-01  -1.1103676872036644e-01
   2.0305333333333340e+00   1.3183094763886608e-01  -1.0327970065398602e-01
   2.0514666666666668e+00   1.2973640107767309e-01  -9.5662284068583944e-02
   2.0724000000000005e+00   1.2780363562487945e-01  -8.8181673627339197e-02
   2.0933333333333333e+00   1.2602628727171769e-01  -8.0739710406394133e-02
   2.1142666666666670e+00   1.2440431285426018e-01  -7.3479683087384381e-02
   2.1352000000000007e+00   1.2292966354863075e-01  -6.6377418649384040e-02
   2.1561333333333335e+00   1.2160270762765962e-01  -5.9471293900674467e-02
   2.1770666666666671e+00   1.2041870167961019e-01  -5.2810661308953288e-02
   2.1980000000000000e+00   1.1937213802758005e-01  -4.6333824635280227e-02
   2.2189333333333336e+00   1.1846222617338664e-01  -4.0095110982252394e-02
   2.2398666666666673e+00   1.1767199379881341e-01  -3.4074901002078370e-02
   2.2608000000000001e+00   1.1701060640575349e-01  -2.8454114310343937e-02
   2.2817333333333338e+00   1.1646069033443730e-01  -2.3115543841629848e-02
   2.3026666666666666e+00   1.1602417121569306e-01  -1.8154902151605985e-02
   2.3236000000000003e+00   1.1568375835164420e-01  -1.3406008416090692e-02
   2.3445333333333340e+00   1.1543531081638621e-01  -8.9850234911498517e-03
   2.3654666666666668e+00   1.1528642473963982e-01  -5.0315089479608336e-03
   2.3864000000000005e+00   1.1520932907234439e-01  -1.4653282357897724e-03
   2.4073333333333333e+00   1.1520519940470345e-01   1.7735506478818517e-03
   2.4282666666666670e+00   1.1526223072411373e-01   4.6649575724377395e-03
   2.4492000000000007e+00   1.1537581971197644e-01   7.1371179019545719e-03
   2.4701333333333335e+00   1.1553414246893419e-01   9.2597706533713506e-03
   2.4910666666666672e+00   1.1574015340588835e-01   1.1012332628333548e-02
   2.5120000000000000e+00   1.1597479607704188e-01   1.2377534974848281e-02
   2.5329333333333337e+00   1.1623998261483655e-01   1.3372085572990591e-02
   2.5538666666666674e+00   1.1652379882221275e-01   1.3995561422331519e-02
   2.5748000000000002e+00   1.1680926847673427e-01   1.4327221449790890e-02
   2.5957333333333339e+00   1.1709757673863928e-01   1.4396579567562764e-02
   2.6166666666666667e+00   1.1739190738714672e-01   1.4117851507769575e-02
   2.6376000000000004e+00   1.1767739130522882e-01   1.3660896136231381e-02
   2.6585333333333341e+00   1.1795062210086923e-01   1.2953874275059937e-02
   2.6794666666666669e+00   1.1820441319790875e-01   1.2054254705592730e-02
   2.7004000000000006e+00   1.1843765782820870e-01   1.0981492925264340e-02
   2.7213333333333334e+00   1.1864972544234904e-01   9.7271878361353693e-03
   2.7422666666666671e+00   1.1883807737579527e-01   8.4183003698797883e-03
   2.7632000000000008e+00   1.1899829067895300e-01   7.0820875603765376e-03
   2.7841333333333336e+00   1.1912998072493013e-01   5.6945276332020182e-03
   2.8050666666666673e+00   1.1922941125034288e-01   4.3597622249782371e-03
   2.8260000000000001e+00   1.1930066353201232e-01   3.0582456355693305e-03
   2.8469333333333338e+00   1.1934954202747872e-01   1.8034471479044512e-03
   2.8678666666666675e+00   1.1937102175517290e-01   5.7160520226328911e-04
   2.8888000000000003e+00   1.1936594255496356e-01  -4.9313137702515118e-04
   2.9097333333333339e+00   1.1934361107768321e-01  -1.4711291769181748e-03
   2.9306666666666668e+00   1.1930084027269622e-01  -2.3232255052376806e-03
   2.9516000000000004e+00   1.1924208234226014e-01  -3.0493901911801172e-03
   2.9725333333333341e+00   1.1917080324419924e-01  -3.6195700918890935e-03
   2.9934666666666669e+00   1.1909049893765934e-01  -4.0714790577067849e-03
   3.0144000000000006e+00   1.1900175506003043e-01  -4.3967258297088925e-03
   3.0353333333333334e+00   1.1890172067762171e-01  -4.6234953520193304e-03
   3.0562666666666671e+00   1.1880317516551736e-01  -4.7559794577550791e-03
   3.0772000000000008e+00   1.1870272698019664e-01  -4.7594410082893134e-03
   3.0981333333333336e+00   1.1859629739943318e-01  -4.7084933334372555e-03
   3.1190666666666673e+00   1.1849674686626070e-01  -4.7071040648165334e-03
