<simulation verbosity='high'>
   <step>40000</step>
   <total_steps>40000</total_steps>
   <output prefix='simulation'>
      <properties stride='20' shape='(7)'>
       [ step, time{picosecond}, conserved{kelvin}, temperature{kelvin}, kinetic_cv{kelvin}, 
         potential{electronvolt}, pressure_cv{megapascal} ]
      </properties>
      <trajectory filename='pos' stride='20' cell_units='angstrom'>positions{angstrom}</trajectory>
      <trajectory filename='force' stride='20' cell_units='angstrom'>forces{piconewton}</trajectory>
   </output>
   <prng>
      <set_pos>364</set_pos>
      <state shape='(624)'>
       [ 551727216, 2228316553, 2725961792, 845861752, 3402317441, 
         229817065, 2088103108, 2433334703, 2981824985, 3973139149, 
         765333071, 117337995, 1901562284, 2366787010, 2170981053, 
         1978510713, 966467246, 2159335518, 3773203037, 1648036421, 
         1233182623, 2122285851, 2094938166, 2550984824, 1427358665, 
         3145852780, 2605000922, 1722649389, 2090923144, 1709692441, 
         1285745023, 608208804, 1698385507, 2551523628, 3514136760, 
         1265908666, 2903597469, 771909188, 3258994695, 3729806621, 
         3578562323, 952321997, 13922177, 5378989, 3531719434, 
         2112790952, 2020118076, 1683160452, 797791273, 27187470, 
         408166988, 4289288067, 2482085751, 2350193588, 3161184364, 
         444382931, 1253942932, 2868420918, 1728128039, 571548245, 
         2525502631, 3291253100, 3372739433, 2550722585, 4217641273, 
         209802681, 3573118731, 1152903841, 1166153686, 1850122681, 
         3356153741, 1270263525, 2273528960, 3134167167, 453748802, 
         3010767718, 3172006153, 4001805232, 1480115775, 2085315904, 
         737082443, 1757419577, 2987874939, 3385183069, 1819144702, 
         308581607, 688013302, 2667327011, 3376052483, 2636538302, 
         3313753604, 3591647938, 3375423149, 2087746527, 2842299072, 
         2842795622, 1211536625, 2230333587, 3907151505, 710021250, 
         4072718443, 198562470, 851074327, 1442597514, 3607815245, 
         1206303779, 1575854743, 3915244984, 1021614005, 420668761, 
         1039274123, 1305623738, 2014737555, 2606329248, 3567760972, 
         4260087348, 1853592304, 938087032, 608621619, 56769693, 
         572257387, 2588342747, 2440350707, 3821196062, 3956408792, 
         2227300947, 1644267558, 4168629376, 4015048124, 1110491275, 
         1827332849, 2424470370, 1602510299, 2780030294, 4160087416, 
         3077380248, 187972387, 305990718, 4141723606, 2272893630, 
         1648770986, 1637085420, 2452161784, 2294235572, 76968716, 
         27968931, 3002541019, 453213319, 4041048227, 1188712446, 
         1558333413, 3312101124, 1510942373, 1526063840, 3017891151, 
         1687163233, 3317115659, 416586529, 2213043482, 476852338, 
         1521335404, 831013085, 2172509582, 1522204121, 95702430, 
         2730781099, 199280561, 3897247305, 824889586, 3166744227, 
         724939607, 2079642914, 1884480926, 4250037862, 3125642844, 
         2454875673, 643826459, 384771744, 3047393943, 2327708576, 
         148084754, 1786909924, 3708383943, 2219840424, 2812173765, 
         47882946, 2061648402, 169897044, 952268535, 4031110619, 
         2582556172, 1319773606, 553568605, 878053296, 3799513636, 
         2774059884, 21774014, 3227659694, 1710976187, 438501576, 
         2811652985, 4019412167, 662735031, 1759334005, 2970077242, 
         1358699946, 3747595996, 2840039043, 1812865025, 3901415853, 
         239470131, 2232153738, 4212593234, 2546935853, 2869725090, 
         1725274779, 3084179441, 4178747352, 3597835532, 288697845, 
         123117944, 2276523161, 1886092493, 4271038228, 2650593534, 
         1181137288, 890991950, 958312506, 485712256, 2502134074, 
         2466424545, 143998474, 118248138, 2469653297, 2027201754, 
         2114799726, 1880409284, 771948157, 1998247404, 3559992569, 
         187098897, 652685903, 2620079297, 2857106964, 3831167947, 
         808181061, 3276703016, 1888501174, 1514719069, 214996311, 
         91543102, 2902383559, 1249102094, 2422064442, 1758486252, 
         937475474, 1922155234, 2838918179, 3887832735, 2193313489, 
         3584033901, 193638924, 1938753557, 2654471488, 3428463300, 
         545667431, 1457733577, 2224514705, 1053960625, 1713185473, 
         795828833, 38667104, 3631407183, 308454442, 3590158925, 
         2777244569, 3856593570, 1244781534, 2395162318, 2737161304, 
         1728553937, 1434258358, 4181637970, 342215443, 1539159772, 
         4023860721, 3040504897, 1223470275, 3426031339, 955659184, 
         3688311646, 10690580, 2425919752, 129587698, 4294703860, 
         1898327140, 385027718, 1864251200, 639586076, 670867628, 
         3416624276, 1814556033, 924890331, 619514728, 3134102173, 
         1186781983, 646749583, 3863864100, 2923213246, 3151142496, 
         3283255786, 2311975578, 3299850065, 496345191, 744255956, 
         4182806804, 701717818, 1814918517, 371466859, 3765359323, 
         222520999, 3445558555, 3807362387, 288291520, 312517310, 
         3042644734, 1580398978, 987422794, 2312430561, 776466689, 
         3389528283, 1196529415, 2030677243, 2774286583, 665024757, 
         779154151, 1339469579, 1703047293, 4048220442, 2914283699, 
         3847257325, 1806715773, 807563433, 4042269191, 1330889663, 
         223104320, 1823831628, 3214428629, 13312442, 4284518766, 
         1014454635, 3759929363, 1192220858, 865070518, 2880808376, 
         2753609012, 3097990654, 868073144, 1860940754, 381094934, 
         1188151585, 4263555770, 1188594329, 2882706406, 1426623882, 
         2089458, 1785715909, 4260620474, 2380464250, 854980215, 
         3473442050, 1851280781, 2537017425, 792667318, 4184874206, 
         3725925936, 3742827429, 2848691463, 1200612332, 3231627832, 
         3749929847, 3423906542, 3961400677, 1299855079, 3640470040, 
         1645391685, 2348392010, 2519130220, 3284372930, 3055502378, 
         2046369245, 3849256758, 613257704, 1795170829, 1029011466, 
         46401688, 2856624562, 488223170, 346870835, 2814999252, 
         850637276, 1464473194, 1060682671, 1169023617, 1999832538, 
         1064171909, 374994323, 3103252732, 3543631468, 2322371093, 
         171644745, 378215873, 2388587625, 910309815, 184564983, 
         3908636046, 1282930856, 707775675, 1343434139, 959013395, 
         1440128163, 3796736704, 1846055047, 1751971002, 392007277, 
         1563459718, 206880500, 167605458, 500919745, 565262572, 
         1968803204, 1090886723, 52444666, 1674484851, 2057397742, 
         20753394, 3079822281, 3336491085, 1558394850, 125050457, 
         3325973988, 447418237, 795215450, 3626013600, 1419700924, 
         3823510604, 1271584314, 2630802727, 4147369147, 32200737, 
         2172649843, 2431392404, 1045294500, 789267823, 613174252, 
         854216942, 1042303773, 2255471268, 3802521598, 682303960, 
         2736113158, 990940731, 3016147686, 677543718, 2520829721, 
         2756401058, 60759559, 3068634151, 1473232139, 1009970474, 
         167174913, 3715822067, 87485926, 1288699928, 630408315, 
         3710481926, 1070149854, 797968674, 4221669270, 3502768472, 
         2984884707, 1574575360, 1903041967, 773488948, 2332454831, 
         3073431911, 4100971391, 2705618301, 3255998396, 3568109614, 
         2343638719, 3946869966, 2609231080, 4285459735, 3535290871, 
         2060184983, 4144199834, 2484800956, 1459486180, 2627455834, 
         2809882569, 1336689061, 621846845, 4091032586, 3973090452, 
         794749617, 2333385710, 3592977276, 1651685956, 84756157, 
         2978836493, 3265857648, 1348495761, 1779108926, 2544366220, 
         1081701956, 193066824, 1817945629, 986488586, 3223265880, 
         373146240, 1826760943, 3959075862, 3402003526, 5426874, 
         1983376080, 1360952198, 273100993, 1419452607, 1738179812, 
         141327090, 3381304259, 4262084148, 2430441060, 3697004552, 
         4288550968, 1932904226, 4149677620, 2894840491, 2844559664, 
         3256184874, 3546621013, 1672569504, 3166838908, 3585539970, 
         4478307, 4185861658, 3314775345, 2504178847, 3340799566, 
         4201168953, 2808035906, 2922013213, 2716241544, 3838198279, 
         2907163951, 619768002, 2670711776, 2631870535, 1397608600, 
         2171997516, 299735280, 2781048075, 1329961363, 1863679558, 
         922295692, 298477643, 180728107, 1746589335, 2863768590, 
         158067012, 624916589, 3921364817, 2015602258, 1951947401, 
         1775049361, 322727699, 2641903189, 3541694188, 3488361108, 
         3373237105, 3778097417, 1431157945, 4244335532, 1202630677, 
         1423457134, 2514383674, 3701111034, 1329457358, 861739376, 
         898817833, 1302921763, 1451136130, 3754587229, 635963486, 
         1335291265, 140488532, 3777346045, 333777985, 2741532414, 
         3429340354, 4080269287, 2207275088, 3967375940, 3085697026, 
         454532932, 1261234153, 1591566014, 1360125938, 295261338, 
         31504476, 2629796097, 1634022692, 2684313712, 3305431374, 
         3017993490, 1134472489, 2837848427, 1807464461, 2539636072, 
         2440867334, 3470847114, 2727062630, 4197841290 ]
      </state>
      <seed>3348</seed>
   </prng>
   <ffsocket pbc='False' name='driver'>
      <port>31415</port>
   </ffsocket>
   <system>
      <cell shape='(3, 3)'>
       [   1.88972610e+02,   1.15712351e-14,   1.15712351e-14,   0.00000000e+00,   1.88972610e+02, 
           1.15712351e-14,   0.00000000e+00,   0.00000000e+00,   1.88972610e+02 ]
      </cell>
      <motion mode='dynamics'>
         <dynamics mode='nvt'>
            <timestep>  1.03353433e+01</timestep>
            <nmts shape='(1)'> [ 1 ] </nmts>
            <thermostat mode='pile_g'>
               <tau>  4.13413730e+02</tau>
               <ethermo> -3.59137650e-01</ethermo>
            </thermostat>
         </dynamics>
      </motion>
      <beads natoms='6' nbeads='16'>
         <q shape='(16, 18)'>
          [   1.66447258e+00,   1.53280234e+00,  -1.40201497e+00,   2.53456140e+00,   3.02844453e+00, 
             -1.10998333e+00,   2.66134787e+00,   6.40331268e-01,  -2.72021556e+00,  -2.13556242e+00, 
             -8.66151571e-01,   1.58615184e+00,  -1.90114391e+00,  -2.85681248e+00,   1.15833199e+00, 
             -6.06875360e-01,  -2.05062732e-01,   8.24406922e-01,   1.69789982e+00,   1.45684743e+00, 
             -1.62018192e+00,   2.70843291e+00,   2.99682593e+00,  -1.42351210e+00,   2.13683295e+00, 
              8.20133626e-01,  -3.35033894e+00,  -2.05980229e+00,  -7.55125642e-01,   1.52327621e+00, 
             -2.51696706e+00,  -2.55698657e+00,   1.26858461e+00,  -6.16539121e-01,  -4.85524714e-01, 
              2.75104225e-01,   1.68473470e+00,   1.37797725e+00,  -1.69252777e+00,   2.08526802e+00, 
              3.07784390e+00,  -1.23052812e+00,   2.39265156e+00,   1.17204165e+00,  -3.40468597e+00, 
             -2.21398187e+00,  -8.17428410e-01,   1.62681806e+00,  -2.55894756e+00,  -2.49277759e+00, 
              9.97849703e-01,  -6.45727038e-01,  -5.11978388e-01,   5.99186540e-01,   1.59887052e+00, 
              1.36302996e+00,  -1.62989306e+00,   2.11889291e+00,   3.03956032e+00,  -1.02824700e+00, 
              1.82595372e+00,   1.37362146e+00,  -3.52248955e+00,  -2.34324741e+00,  -9.32484508e-01, 
              1.52657521e+00,  -2.44293833e+00,  -2.73588276e+00,   1.01611912e+00,  -8.43012631e-01, 
             -3.92415702e-01,   4.90118474e-01,   1.67357719e+00,   1.49203086e+00,  -1.66374576e+00, 
              2.41329741e+00,   2.88224244e+00,  -5.93470633e-01,   2.44740391e+00,   1.87971389e+00, 
             -3.21887112e+00,  -2.28419852e+00,  -9.07408118e-01,   1.48221552e+00,  -1.99321294e+00, 
             -2.74547505e+00,   1.82441974e+00,  -6.94385827e-01,  -7.31785119e-01,   4.82674301e-01, 
              1.59164190e+00,   1.45506942e+00,  -1.52256536e+00,   2.44274354e+00,   2.53679490e+00, 
             -2.84184009e-01,   2.85690260e+00,   1.42684972e+00,  -2.96514106e+00,  -2.27527714e+00, 
             -8.93792987e-01,   1.42885113e+00,  -2.31363058e+00,  -2.37515163e+00,   2.44883847e+00, 
             -5.66859365e-01,  -1.23279881e+00,   6.54830933e-01,   1.70298970e+00,   1.42245436e+00, 
             -1.50859082e+00,   2.79023480e+00,   2.64661241e+00,  -7.87020445e-01,   2.40396214e+00, 
              1.50308836e+00,  -3.26500726e+00,  -2.41792893e+00,  -1.00737536e+00,   1.50497949e+00, 
             -2.06360102e+00,  -1.73636842e+00,   3.13598919e+00,  -8.05509090e-01,  -4.69688177e-01, 
              6.82375073e-01,   1.72554541e+00,   1.41293836e+00,  -1.59153223e+00,   2.93419790e+00, 
              2.10537243e+00,  -4.30231243e-01,   2.54167366e+00,   1.82459211e+00,  -3.29412413e+00, 
             -2.33450556e+00,  -1.03076601e+00,   1.55789292e+00,  -1.37857616e+00,  -2.18908143e+00, 
              2.79590154e+00,  -1.18903780e+00,   7.44768232e-02,   6.06133401e-01,   1.82332516e+00, 
              1.27932405e+00,  -1.47105670e+00,   3.01001811e+00,   2.22245002e+00,  -2.06256151e-01, 
              2.30488968e+00,   2.11133242e+00,  -3.21084809e+00,  -2.27186966e+00,  -1.11288869e+00, 
              1.37910962e+00,  -1.23570311e+00,  -2.02718830e+00,   2.54747725e+00,  -1.15468550e+00, 
             -6.95494056e-01,  -7.89453387e-02,   1.89752173e+00,   1.28823471e+00,  -1.56580245e+00, 
              3.34651017e+00,   1.76124454e+00,  -4.97614294e-01,   2.50626826e+00,   2.04903936e+00, 
             -3.07506180e+00,  -2.24753833e+00,  -1.16447580e+00,   1.47756326e+00,  -9.06051934e-01, 
             -1.99844420e+00,   2.57030678e+00,  -1.38325727e+00,  -3.46267283e-01,   9.77888778e-02, 
              1.91615713e+00,   1.42626274e+00,  -1.43515038e+00,   3.13749743e+00,   2.15562797e+00, 
             -2.30745196e-01,   2.69449091e+00,   2.04858613e+00,  -3.05023241e+00,  -2.30936837e+00, 
             -1.05541241e+00,   1.40223324e+00,  -1.50644350e+00,  -2.64501309e+00,   1.75697708e+00, 
             -1.14437771e+00,  -2.60492295e-01,  -5.59422374e-03,   1.93935084e+00,   1.43723655e+00, 
             -1.49534512e+00,   3.19672084e+00,   2.35717678e+00,  -3.74890953e-01,   2.36118007e+00, 
              2.31923914e+00,  -3.04788160e+00,  -2.26300669e+00,  -1.13297236e+00,   1.11434424e+00, 
             -1.68784666e+00,  -2.88433027e+00,   1.43562686e+00,  -6.82923734e-01,  -3.20793211e-01, 
              8.58471155e-01,   1.86569512e+00,   1.61322594e+00,  -1.52788317e+00,   2.88074899e+00, 
              2.69111705e+00,  -4.00179446e-01,   2.78383017e+00,   2.14504290e+00,  -3.09787464e+00, 
             -2.20932651e+00,  -1.15636408e+00,   1.25618255e+00,  -1.42066693e+00,  -2.51435161e+00, 
              2.38087583e+00,  -7.91792452e-01,  -1.35632217e-01,   5.95179617e-01,   1.77244115e+00, 
              1.57419145e+00,  -1.50532031e+00,   2.78017116e+00,   2.37490201e+00,  -2.54040629e-01, 
              2.60686779e+00,   2.26647377e+00,  -2.93488908e+00,  -2.17849159e+00,  -1.26059592e+00, 
              1.32242274e+00,  -9.37125564e-01,  -2.50850821e+00,   1.85469937e+00,  -1.10761821e+00, 
              5.69993854e-02,   4.41840172e-01,   1.77890122e+00,   1.52841640e+00,  -1.38078320e+00, 
              2.80630231e+00,   2.73566031e+00,  -2.93141693e-01,   2.32566595e+00,   2.31664801e+00, 
             -3.09401536e+00,  -2.32094884e+00,  -1.18367708e+00,   1.42313349e+00,  -1.54193604e+00, 
             -2.74282241e+00,   1.44712162e+00,  -1.26467943e+00,   1.86905861e-01,   6.79494500e-01, 
              1.61008835e+00,   1.52357864e+00,  -1.43549228e+00,   2.89476633e+00,   2.86519432e+00, 
             -9.32218194e-01,   2.45547581e+00,   1.14243698e+00,  -3.09858894e+00,  -2.20460224e+00, 
             -1.03382444e+00,   1.63025868e+00,  -1.81742251e+00,  -2.81276631e+00,   1.17616963e+00, 
             -8.38480711e-01,  -3.42720866e-01,   5.22896111e-01 ]
         </q>
         <p shape='(16, 18)'>
          [   1.04631282e+01,  -6.61865807e+00,  -1.87029757e+00,   5.64693696e-01,  -2.41665077e+00, 
              4.54681306e-01,  -6.49510377e-01,  -2.95044827e+00,  -5.82090021e-01,  -1.67370309e+00, 
             -2.57245469e+00,  -1.19713583e+01,   1.23594094e+00,   4.35856438e+00,  -2.53372336e+00, 
              3.54338480e+00,  -8.50092948e-01,   2.12642240e+00,  -8.18417348e+00,   6.17400360e+00, 
             -9.77836515e+00,   4.88047648e+00,  -6.78243065e+00,   7.95446514e-01,   2.84732152e+00, 
              1.33811712e+00,  -1.65826799e-01,  -1.76434077e+00,   8.93464565e+00,   1.22098503e+01, 
             -1.80077814e-01,  -5.10864437e-01,   2.36014557e+00,   7.62970096e-01,  -5.56862474e-01, 
             -1.85460091e+00,  -4.19589366e+00,   4.87151670e+00,   7.73659704e+00,  -5.92479991e+00, 
             -2.65087342e+00,   3.42708969e+00,  -1.68953889e-01,  -1.19668508e+00,  -9.55312968e-01, 
             -1.03264488e+00,  -5.76807308e+00,   7.65958117e+00,  -2.45870494e+00,  -1.35685522e-03, 
              2.13318396e+00,   3.21956343e-01,  -3.62813902e+00,   1.07388830e+00,  -3.38781752e+00, 
              5.90103960e+00,   1.00001879e+01,  -6.28132277e-01,   3.51539803e+00,   1.84698839e-02, 
              1.20611764e+00,  -7.62714982e-01,  -2.08484745e+00,  -1.65365104e+01,  -5.98115349e+00, 
             -1.97974396e+01,   2.93943453e+00,   6.54927254e-01,   2.11969042e+00,  -1.16050851e+00, 
             -2.52322555e+00,  -3.53661156e+00,   4.73904239e+00,   1.11447859e+01,   8.92811773e+00, 
              8.39234120e-01,  -3.77902508e+00,   4.62870788e+00,  -1.51072180e+00,  -5.16994143e+00, 
              6.52000046e+00,   6.28468572e+00,  -1.03467882e+00,   6.07683800e+00,   6.14745808e+00, 
             -8.28455866e-01,  -4.27453529e-02,   2.64551068e+00,   8.96690368e-01,  -2.27305293e+00, 
              3.22966324e+00,   2.10455933e+01,   6.10996245e+00,  -3.23774385e+00,   6.42753899e-01, 
              1.86422825e+00,  -1.67665695e+00,   7.68651843e-01,   1.69260113e-01,   3.15971409e+00, 
              2.50671861e-01,   9.01008350e-01,  -1.22591787e-01,  -1.79022026e+00,   9.61583375e-01, 
              6.00406653e-01,  -1.76551491e-01,   3.35270166e+00,   3.73522912e+00,   6.72425937e+00, 
             -1.26883450e+01,  -3.48977470e+00,   5.89764500e+00,  -9.86734034e-01,   2.46778179e+00, 
             -1.51963484e+00,   2.06657289e-01,   1.70361138e+01,   3.97666883e+00,  -7.85811919e-01, 
              4.28665353e+00,  -3.28867531e+00,   9.31343197e-01,  -2.94473361e+00,   6.33050322e-01, 
             -1.51640248e+00,   1.21192142e+01,  -8.84756851e+00,   3.82974480e+00,  -6.68792659e-02, 
              2.73395514e+00,   8.43330740e-01,   3.47224856e+00,  -2.64569074e-01,   3.51174651e-01, 
             -5.85347070e+00,   2.83740759e+00,   6.23172186e+00,   1.70149899e+00,   3.22721243e-01, 
             -8.43660833e-01,  -1.38043546e+00,  -4.65374440e-01,  -3.54651214e-01,  -2.80233279e-01, 
              3.57540703e+00,  -1.62418165e+00,   4.11287213e+00,   7.26344168e-01,   1.36357880e+00, 
              4.56861306e+00,   1.49589896e+00,   2.47429657e+00,  -1.08376120e+01,   2.13057017e+00, 
             -7.30670072e+00,  -1.83000898e+00,   3.52974582e+00,   2.60747789e-01,   1.77307201e+00, 
             -2.21086526e+00,   5.39112448e-01,  -1.46522082e+01,  -9.42706204e+00,   4.51844690e+00, 
              1.82064593e+00,  -2.30182648e+00,   3.65224981e+00,   1.51429463e+00,   8.80997479e-01, 
             -1.89176035e+00,  -4.93563309e-01,  -2.86527729e+00,  -1.51745358e+01,  -4.80591618e-01, 
             -1.00104141e+00,   2.29670048e+00,   3.68806887e+00,   4.95910406e-01,  -1.25946046e-01, 
             -2.64082350e+00,   5.14001035e+00,   4.10471724e+00,   1.46829892e+00,  -2.48938346e+00, 
             -2.26455928e-01,  -2.74653124e+00,  -3.71826470e-01,  -3.12323022e+00,  -2.11032023e+00, 
              3.99850940e+00,  -1.34437825e+00,  -4.59073638e+00,   2.94371366e-01,   3.90250254e+00, 
             -1.07990002e+00,  -2.32944059e+00,  -1.64822650e+00,   1.07736646e+01,  -4.29647875e+00, 
             -5.62310888e+00,   8.77848334e-01,   2.12321520e+00,  -3.50875915e-01,   2.26058937e+00, 
              2.45618629e+00,   1.15661024e-01,  -2.39662255e+00,   4.82577800e+00,   5.37429140e+00, 
              1.01202083e+00,  -2.82415676e+00,  -3.16046620e+00,  -2.06358861e+00,  -2.38693953e-01, 
              1.76376818e-01,   3.84741872e-02,  -1.46132441e+01,   7.61710928e+00,  -3.53693890e+00, 
              1.98210476e-02,  -3.11944247e-01,  -2.46529573e-01,  -2.15008354e+00,  -6.75572635e-01, 
             -1.44884662e+01,  -9.19614914e-01,   1.16315918e+01,  -1.76287770e+00,  -6.17928565e-01, 
             -3.02426982e+00,  -1.23371195e+00,  -2.27638412e+00,  -2.56627965e+00,   5.04737340e+00, 
              6.31039524e+00,  -1.52461078e+00,  -1.32204770e+00,  -1.31449485e+00,  -1.23552203e+00, 
              8.47543663e-01,   2.03255177e+00,   3.59771698e-01,   2.25151049e+00,  -9.87832451e+00, 
             -7.06389524e+00,   1.93412853e+00,  -3.21991348e+00,  -3.43144180e-01,  -3.02356910e+00, 
             -3.52503985e-01,   3.22937059e+00,   4.35670148e+00,   3.99439788e+00,  -1.16707192e+01, 
              3.82235623e+00,  -2.55331993e-01,  -2.22043944e+00,  -2.19208884e+00,  -1.66636312e+00, 
              2.54797459e+00,   6.11154853e+00,   3.05114507e+00,  -5.14973738e+00,   8.22377211e-01, 
              6.91841839e-02,   2.75632334e+00,  -1.68168496e+00,   2.54228592e+00,  -2.14643216e+00, 
             -6.45861711e+00,   5.03168440e+00,  -1.11274529e+01,  -3.62511253e+00,  -7.83708871e-01, 
              3.20166731e+00,   1.42662562e+00,  -3.42159182e-01,   5.54045318e-01,  -1.06663236e+01, 
             -8.46562150e-01,  -1.19314434e+00,   4.17765386e-01,  -5.56497002e+00,   3.09585810e+00, 
              2.49321509e+00,  -2.54458338e-01,  -1.31910122e+00 ]
         </p>
         <m shape='(6)'>
          [   2.91651223e+04,   1.83736223e+03,   1.83736223e+03,   2.91651223e+04,   1.83736223e+03, 
              1.83736223e+03 ]
         </m>
         <names shape='(6)'>
          [ O, H, H, O, H, 
            H ]
         </names>
      </beads>
      <forces>
         <force forcefield='driver'>
         </force>
      </forces>
      <ensemble>
         <temperature>  1.58340760e-04</temperature>
         <eens>  6.63670043e-03</eens>
         <time>  4.13413730e+05</time>
         <hamiltonian_weights shape='(1)'> [   1.00000000e+00 ] </hamiltonian_weights>
      </ensemble>
   </system>
</simulation>
