<simulation verbosity='high'>
   <step>40000</step>
   <total_steps>40000</total_steps>
   <output prefix='simulation'>
      <properties stride='20' shape='(7)'>
       [ step, time{picosecond}, conserved{kelvin}, temperature{kelvin}, kinetic_cv{kelvin}, 
         potential{electronvolt}, pressure_cv{megapascal} ]
      </properties>
      <trajectory filename='pos' stride='20' cell_units='angstrom'>positions{angstrom}</trajectory>
      <trajectory filename='force' stride='20' cell_units='angstrom'>forces{piconewton}</trajectory>
   </output>
   <prng>
      <set_pos>560</set_pos>
      <state shape='(624)'>
       [ 1937583305, 1424096332, 2100000529, 558660609, 3252084308, 
         2658624590, 2302538826, 1198131780, 1561172666, 900077561, 
         2478976373, 2693295522, 3842976394, 3787847390, 2547366487, 
         1516307444, 1992571965, 2479649179, 1159180020, 1386674208, 
         1030121854, 2490931767, 638881058, 4030065311, 3713005828, 
         2540751821, 580978146, 2691145602, 4073311218, 3469536159, 
         3873224943, 2043935487, 1529646918, 115464925, 4110689939, 
         3273578921, 3546183816, 3536419206, 2403485305, 2128115949, 
         1184762670, 454413453, 515902983, 4129087315, 1027196218, 
         3803411900, 467469348, 4198191046, 179135116, 2219499361, 
         3117299479, 1195255577, 2841037534, 2305013184, 418192345, 
         795653009, 4161395180, 540141597, 136001252, 626224378, 
         3777960891, 3963365064, 4117533396, 1139515580, 155844875, 
         3269422254, 1024774674, 3293329493, 3617375582, 4155033201, 
         2446095917, 3049085168, 1630550005, 1741786530, 962829869, 
         973828665, 20915859, 2455650825, 1298292808, 2672026678, 
         4024922275, 2801269425, 334016516, 2780249164, 3144640318, 
         257930693, 928566534, 2896231194, 708894083, 517073033, 
         3666753453, 2829123292, 2157728785, 1803318652, 3934627279, 
         3327166188, 3983892052, 2843609524, 1034365699, 447701320, 
         2309390861, 1338685267, 308167687, 278248805, 1625547080, 
         4265617691, 2464260154, 3243501729, 1471490831, 1426947797, 
         2923330242, 4036016904, 3560348307, 2313105828, 528801606, 
         4161811582, 4107578099, 2316549283, 1675280274, 1208365561, 
         42485902, 782713364, 1485315704, 2289344443, 3082327747, 
         4210803738, 249732406, 3231376471, 1146143499, 299478577, 
         3038414733, 2098926234, 3055828108, 4260173098, 1035894841, 
         2165234167, 4217294118, 1436220083, 4230975786, 4085800841, 
         2393352191, 3297455753, 4021083890, 4029985189, 3637544187, 
         1053500654, 3253430365, 3134545831, 2236937722, 2609396432, 
         2028124663, 288982059, 1605115306, 2552388226, 2692167569, 
         1788510318, 2917406209, 2835505818, 689034045, 1546399103, 
         3448513189, 352257743, 2315868101, 1793563927, 2011322937, 
         518158801, 1143160962, 3585659957, 4273941913, 2344771283, 
         2927628780, 1618976434, 3042485477, 1541991339, 236287546, 
         777311557, 2174588139, 604385463, 3945863264, 2248474031, 
         2571664206, 501901902, 1350250043, 2332151249, 866176311, 
         3324919162, 3478735218, 198416340, 2614273044, 3111273122, 
         32594024, 653068911, 14464641, 1703220814, 2757931370, 
         2875562792, 3406930665, 1536210937, 118998330, 2794807, 
         4098063882, 737111724, 1134704872, 2126436301, 205541053, 
         4102368429, 1288393406, 1734432528, 4186305167, 2797279893, 
         928938585, 883737610, 3790507572, 996655536, 1107822511, 
         147265608, 3516263225, 4286625564, 366522776, 3299121195, 
         3761679138, 1917858778, 615700479, 2307387484, 561103423, 
         1147561000, 1947582099, 2329516113, 1890109503, 1794192671, 
         3629364468, 1748753606, 2610529909, 640683144, 1715935296, 
         1200369389, 221380852, 465555878, 3565016433, 2413508331, 
         36132455, 2884469014, 3655536273, 1149131557, 2231913714, 
         1076238417, 1983719533, 185486870, 2538197832, 630682545, 
         1259535583, 1926080177, 3961581524, 40009384, 60809996, 
         913012420, 2635029952, 3092576951, 1655772098, 3234598013, 
         1947701671, 1252347659, 2997530714, 442055649, 4226601709, 
         1770567421, 2883041203, 3636819162, 3600146732, 3089765621, 
         2398391737, 2959152455, 3346030941, 2597924823, 2233808489, 
         2713427102, 3233393856, 4003206447, 2577097511, 3778753909, 
         2314766648, 2295182969, 1270277685, 3719249876, 3180228965, 
         2061256424, 3430356791, 1117556817, 2735808603, 3539817420, 
         2268065024, 2528950825, 3262008503, 3491405031, 595829252, 
         131004422, 1592604591, 297043366, 622420500, 3944069753, 
         2281032969, 551728157, 3399889709, 3369582277, 3091396534, 
         766058126, 2215957505, 3093076648, 119549028, 409492950, 
         1915427060, 945314692, 1857790613, 2089270347, 3709697270, 
         2096620841, 3288133011, 3948156379, 1322332560, 1214527928, 
         4249014288, 2407287947, 1851123211, 1111052424, 2699651275, 
         631384392, 1955454932, 3320594811, 1405418600, 1683485644, 
         2120574520, 3204157061, 1537148887, 1187106316, 438487671, 
         110038435, 826090940, 2579876456, 393119590, 3136094941, 
         875956468, 1602454282, 2745996657, 4284054386, 330362937, 
         575426709, 732430182, 1052529854, 318941124, 1345005154, 
         3383257068, 806053319, 551388370, 363592975, 58360714, 
         1750129796, 2414917146, 3597233496, 2098340676, 2858705390, 
         1507150728, 1969350436, 987468247, 3785874190, 3551658134, 
         4182930429, 1356267716, 109396193, 3979482784, 3574012227, 
         3135479707, 4287047125, 4108387041, 2693958687, 3362109541, 
         2115793257, 3412362440, 1733980189, 276997749, 734658587, 
         1672444728, 3312534160, 3179164454, 769450049, 426412523, 
         4293657561, 2729958408, 2754162784, 3515023246, 166476414, 
         271635094, 3030100947, 1727296177, 1353793871, 3055073968, 
         3971443812, 1539077462, 2095307205, 1390112881, 3978773434, 
         2970686450, 3465985539, 3227064769, 3100692617, 2988662821, 
         3445582052, 3853382413, 910019048, 2132805619, 3106835848, 
         3534220621, 3853843102, 3576926966, 4292126581, 1690136912, 
         544026816, 3014586965, 3223238024, 2034533508, 1109006623, 
         2196287503, 1961097918, 2726387332, 2145052298, 1237724318, 
         1649893951, 820613793, 4062028177, 4085000563, 2426518370, 
         2959425121, 1250801442, 2839709630, 2435489062, 2249476086, 
         3719980440, 1256923692, 2369796298, 3093931899, 3863073891, 
         520114483, 1512507558, 466208678, 1835699005, 4225766591, 
         3486306182, 3560596717, 166306474, 1949513542, 3723312681, 
         3412186808, 2995190633, 3623203707, 2365050765, 3559306178, 
         2712384930, 3744872030, 2876147380, 3612664432, 727798299, 
         4020863444, 3771505457, 3940328959, 3015058456, 3008694909, 
         3266767863, 3851235636, 191909630, 861889315, 3112527470, 
         1458455474, 3895802287, 1260461061, 166337547, 728198533, 
         3024356375, 259069627, 3323615479, 1734524969, 3574310509, 
         2256045724, 2993519216, 500189688, 874288984, 1320980123, 
         3243159988, 2844109126, 3387243952, 2436327315, 2679669499, 
         198924080, 691332173, 3593077279, 4264901269, 2438190084, 
         3430576210, 3080488475, 791908378, 2707792496, 1489143488, 
         1858922845, 720806489, 1253478049, 997264694, 4209272336, 
         1444188190, 810878390, 4066178300, 3410212516, 1761950228, 
         320911508, 1134051551, 3864598028, 914413991, 1669366633, 
         3896948643, 3300837284, 1972635653, 373993815, 991602897, 
         4231802160, 2287206139, 3842127718, 1276766424, 1570303967, 
         128697344, 3856398702, 2879388081, 1207175004, 1514429036, 
         3238019630, 1246105514, 4242546498, 2513762073, 1889385351, 
         148974071, 2535377109, 2996969300, 2511211533, 869786229, 
         1980061792, 29289945, 3014400125, 2498528606, 3162557176, 
         3024686612, 3952726299, 1225542819, 3710770495, 1430545437, 
         3142036146, 2627247662, 492706052, 295383542, 1546855121, 
         1037165112, 1022384988, 1059361832, 19656987, 2144446854, 
         2737052932, 3795114718, 3630404858, 639759987, 3544905307, 
         3861288115, 2931291519, 3691232919, 1696784207, 787710049, 
         217268459, 166448039, 742391252, 241901287, 2457117384, 
         1025418994, 279304133, 3675078576, 2989306648, 1085813609, 
         3383401198, 1048138852, 206043862, 2614417323, 1981257309, 
         1944153980, 3472728624, 971338509, 270417142, 3013239296, 
         2016776009, 2680527194, 1539669538, 3320691589, 2389366688, 
         2605468784, 1877987820, 1773428535, 2686402953, 4040026640, 
         2130755549, 3323045883, 3258735652, 2324826478, 1092173959, 
         3860419810, 2312791758, 753585874, 1046942012, 453273765, 
         4103477940, 2123215515, 159518515, 2049408715, 2675266391, 
         2749621486, 3254936399, 551626011, 1165045229, 1061639580, 
         3253305716, 111780183, 714698590, 4211758061 ]
      </state>
      <seed>3348</seed>
   </prng>
   <ffsocket pbc='False' name='driver'>
      <port>31415</port>
   </ffsocket>
   <system>
      <cell shape='(3, 3)'>
       [   1.88972610e+02,   1.15712351e-14,   1.15712351e-14,   0.00000000e+00,   1.88972610e+02, 
           1.15712351e-14,   0.00000000e+00,   0.00000000e+00,   1.88972610e+02 ]
      </cell>
      <motion mode='dynamics'>
         <dynamics mode='nvt'>
            <timestep>  1.03353433e+01</timestep>
            <nmts shape='(1)'> [ 1 ] </nmts>
            <thermostat mode='pile_g'>
               <tau>  4.13413730e+02</tau>
               <ethermo>  4.33129547e-03</ethermo>
            </thermostat>
         </dynamics>
      </motion>
      <beads natoms='6' nbeads='1'>
         <q shape='(1, 18)'>
          [   1.94426033e+00,   9.59262119e-01,   1.06195964e+00,   3.18660368e+00,  -4.15219304e-01, 
              9.12240046e-01,   2.74103263e+00,   2.30779820e+00,   7.44161995e-02,  -2.39584537e+00, 
             -4.80099165e-01,  -1.27769977e+00,  -3.44848082e+00,  -1.16295547e+00,   1.60233908e-01, 
             -8.21365240e-01,  -8.69458026e-02,  -3.49030331e-01 ]
         </q>
         <p shape='(1, 18)'>
          [  -2.12984676e+00,  -5.81938780e-02,  -4.11354055e-01,  -9.34718104e-02,   4.31491111e-01, 
              2.13360666e-01,  -2.67732956e-01,   8.60955184e-01,   1.00189952e+00,   3.72626434e+00, 
             -7.89534519e-01,  -1.08375176e+00,  -4.15192468e-01,  -2.25897606e-01,   1.04757141e-01, 
             -8.20020344e-01,  -2.18820292e-01,   1.75088489e-01 ]
         </p>
         <m shape='(6)'>
          [   2.91651223e+04,   1.83736223e+03,   1.83736223e+03,   2.91651223e+04,   1.83736223e+03, 
              1.83736223e+03 ]
         </m>
         <names shape='(6)'>
          [ O, H, H, O, H, 
            H ]
         </names>
      </beads>
      <forces>
         <force forcefield='driver'>
         </force>
      </forces>
      <ensemble>
         <temperature>  1.58340760e-04</temperature>
         <eens>  4.24119048e-04</eens>
         <time>  4.13413730e+05</time>
         <hamiltonian_weights shape='(1)'> [   1.00000000e+00 ] </hamiltonian_weights>
      </ensemble>
   </system>
</simulation>
