<simulation verbosity='high'>
   <step>400000</step>
   <total_steps>400000</total_steps>
   <smotion mode='metad'>
      <metad>
         <metaff shape='(1)'> [ plumed ] </metaff>
      </metad>
   </smotion>
   <output prefix='simulation'>
      <properties stride='20' shape='(7)'>
       [ step, time{picosecond}, conserved{kelvin}, temperature{kelvin}, kinetic_cv{kelvin}, 
         potential{electronvolt}, pressure_cv{megapascal} ]
      </properties>
      <trajectory filename='pos' cell_units='angstrom'>positions{angstrom}</trajectory>
      <trajectory filename='force' stride='20' cell_units='angstrom'>forces{piconewton}</trajectory>
   </output>
   <prng>
      <set_pos>92</set_pos>
      <state shape='(624)'>
       [ 2729801420, 2176894949, 2307294377, 398814654, 1735133859, 
         3899562595, 216699597, 1730292751, 868901539, 2928425325, 
         1811117550, 2752956579, 3998364692, 486878958, 3763401895, 
         3114940858, 3859326848, 2519250695, 3312739927, 3719561815, 
         1329917784, 3803068066, 1320749140, 409749445, 1879876297, 
         232946813, 2234136513, 3229998490, 696555588, 2561170923, 
         2945470516, 2214490019, 76669281, 229925334, 285375291, 
         1954952032, 1923583876, 799451909, 2212754506, 3235050340, 
         721956367, 331888998, 1985224147, 692490992, 3129370092, 
         2631682927, 2034206253, 1902255416, 431074593, 35039209, 
         324336105, 1080365164, 3301879757, 2114038237, 234566810, 
         977921903, 3288328414, 597795920, 4123147567, 227208839, 
         2927959116, 1689177879, 4258023969, 2068098344, 1914972804, 
         400244836, 1400301455, 4007518167, 2331943099, 3663960569, 
         1469945107, 3997831139, 3943453830, 101484643, 3950442076, 
         3248716431, 84140500, 3672856438, 1572714920, 2300049461, 
         1788299353, 2044851660, 3307648287, 3013168938, 725854865, 
         3678135101, 1378627108, 3514154284, 518175555, 2186175995, 
         1412314425, 2152024038, 3114339616, 3137243311, 1388697569, 
         1895853347, 3103586752, 2810491729, 717315454, 3513210569, 
         1108673932, 1151216509, 1385868386, 1818545883, 397133312, 
         471185382, 2834454540, 847521604, 4143613141, 3680784220, 
         4080667301, 225558730, 2847483932, 634706480, 2115825342, 
         1854221700, 847544004, 2283966490, 2830842126, 4162046059, 
         374622414, 3109547554, 4244048856, 3149369935, 4042745510, 
         288155428, 2344204819, 67836678, 1606230590, 4074547222, 
         8962948, 4288649767, 2457915058, 4015353774, 4192937658, 
         4175015002, 508311964, 4199395188, 413434519, 159304874, 
         301672556, 1021361169, 3051360734, 3045308391, 2966568043, 
         3807323956, 1354552772, 2540144720, 451480278, 2516031058, 
         327895390, 4090751663, 3431225892, 1027596405, 220390663, 
         1790397421, 3199950856, 4154020196, 3165231787, 976327537, 
         1411078272, 4034328103, 2921657092, 2608030908, 1125130728, 
         3359711410, 3883335696, 3161173041, 3950527968, 358693589, 
         2661617942, 3553680372, 498242140, 833887202, 2558237168, 
         2968941208, 50720821, 140344253, 546287280, 4053013018, 
         2480192085, 824355143, 1533308533, 2321980251, 3973118890, 
         648966240, 3047549268, 2083502245, 3575198553, 3827464689, 
         1824594609, 4122174996, 1396915955, 3494827597, 2365859115, 
         1762302962, 314312472, 2944560644, 1642965544, 976111943, 
         2866399044, 1772239758, 3706170952, 1563718953, 2033478998, 
         877157715, 1743774536, 2793826846, 3787876008, 651872349, 
         2609633234, 2949305386, 2290521968, 242562583, 1708332134, 
         2014775096, 330065856, 2596583721, 2588003798, 1526905609, 
         3220230259, 3479085399, 2430235418, 2038609780, 996087697, 
         1574639027, 1993137537, 1474233990, 2453354211, 609528385, 
         1870004953, 3732705018, 4275168486, 2956523611, 368913906, 
         3662892542, 3998866523, 2920846397, 3669323502, 4226914986, 
         3966369638, 372644291, 3436031644, 1230057017, 1821355830, 
         3765181568, 581383439, 3445596422, 1094135235, 869499325, 
         3929508847, 913280803, 3577508956, 2325139967, 639517357, 
         372198918, 2743101735, 3601337008, 3501104744, 357958711, 
         3081660388, 1218102939, 1411574118, 2090500333, 2504138680, 
         3633441019, 2921405576, 648858997, 2486187654, 1753242328, 
         667567587, 284658852, 1348145400, 962297890, 1486792097, 
         2282734509, 2396349337, 2814114730, 2516875732, 3253767039, 
         1689208919, 2094789663, 3539531177, 2206815547, 3923842789, 
         2758026059, 91345501, 2221391297, 3509629858, 1862729382, 
         2693626981, 3843379908, 1396352817, 1591485120, 3027215481, 
         1446847066, 1283947320, 3938151583, 770749055, 2140953102, 
         3927120043, 2322826037, 2741395002, 3369183319, 2729350483, 
         4152600946, 2870919766, 2308173404, 4247003844, 2626178925, 
         871617557, 2462453673, 4243139994, 3234198425, 3978998196, 
         2999911887, 3397237549, 3565955338, 1371059752, 3326139746, 
         3840190418, 1485628635, 1628158095, 3954721777, 3966387122, 
         1735658299, 2417054936, 3942749272, 1588022153, 213266646, 
         2173816485, 3842025461, 3170311204, 3517543625, 808595824, 
         2188837689, 4162973003, 2213106044, 2378650097, 2586192954, 
         3272978198, 3873921357, 264523340, 2761902588, 1711312361, 
         2957201724, 2591557319, 3229445758, 3350800330, 1666212929, 
         352191947, 2219535132, 4134825242, 347584940, 3593214511, 
         4048000732, 3257065860, 4087285260, 1934904681, 4045161156, 
         3851401488, 1404271584, 1012778678, 2470701951, 2365152825, 
         1121579099, 3409293742, 675283154, 2053549685, 1738378799, 
         725414500, 2594685908, 2367367601, 3192288147, 219141441, 
         2159125140, 3843827025, 1506853868, 322646584, 3214379089, 
         1109801449, 3647714322, 1315845856, 3365392392, 870058606, 
         1325503415, 1448290838, 3506994257, 2779272924, 4087127233, 
         433223510, 3330602106, 2315317970, 3684504063, 2211942843, 
         3661849614, 3827833588, 2476442634, 1451477444, 360498147, 
         3560519593, 567727422, 2291802504, 199620613, 3295309453, 
         199003154, 4191771324, 1527992400, 3915656751, 1758986890, 
         1929110963, 1805420715, 3930311568, 1576114558, 1381119240, 
         4195485702, 3390777588, 1873578236, 2530512366, 4010941439, 
         389639682, 1267539266, 4142538426, 1547121954, 1018857556, 
         3058278840, 2559826534, 2401713920, 88537906, 1123671447, 
         3352540626, 1388166415, 2019970977, 2521779804, 1887590634, 
         3277680905, 438731586, 4284823245, 3645264648, 2045226798, 
         1998947149, 768660184, 1316386112, 1099555929, 3631890628, 
         3755899329, 1422561894, 301291921, 2780027766, 131290880, 
         2766283654, 1739599673, 2566049323, 2788605314, 815901640, 
         2247027013, 1068922035, 3177825710, 1326107292, 754168848, 
         1308880700, 3941665515, 213571919, 1131907738, 3014184951, 
         961132193, 4150061418, 2740922594, 1505223684, 2820733808, 
         2673655370, 48874577, 2582930654, 2359971895, 4174133176, 
         2831512515, 2722879749, 476138852, 3383190302, 2106424723, 
         1860826354, 1516506407, 1952128475, 665192503, 1253962139, 
         3789030683, 2754855511, 3963836761, 3193743734, 2974568922, 
         1923770312, 801150178, 1485911815, 1011285458, 55159818, 
         2778112840, 1286578959, 4077147412, 1093723556, 1511941463, 
         4043633048, 2114601732, 1910409282, 1155907164, 2483631968, 
         3156487544, 2566807593, 557925585, 288058283, 3170334152, 
         1785474503, 2661434317, 1150992599, 3548615662, 340916174, 
         3607886995, 887846353, 2283079682, 2322545948, 226535021, 
         1116396721, 2125096387, 594903604, 2739155094, 3192855959, 
         2798032091, 3509332639, 1173626268, 1301611664, 2976015206, 
         3467257772, 2627041440, 3193707549, 3583454452, 3016534356, 
         3576871490, 2699330600, 1399498307, 3703260884, 3657394815, 
         3771180321, 3069618288, 155253278, 4181111253, 2556306101, 
         3747031571, 1138357942, 4119978883, 3001259071, 1754002679, 
         3200461243, 1211291461, 4262569756, 2917928956, 2389346448, 
         856084693, 108974479, 3921710025, 247382099, 1191975836, 
         2012829205, 345545731, 1196113695, 4099381622, 3358841134, 
         3955738960, 3137748042, 4255092807, 2217286864, 202779723, 
         941011736, 2366315730, 155665498, 3322610686, 2080632042, 
         2283442557, 539744034, 3166782713, 178746610, 925062430, 
         3247660323, 639519641, 358973298, 1580765122, 2731734917, 
         194998637, 3843315424, 1929299860, 4086673664, 1193879571, 
         1280162774, 1356789671, 2403060305, 4294927155, 1003678512, 
         4060799984, 1212685321, 3635143952, 1387304247, 1998479096, 
         1990253296, 3776992811, 3311227809, 1090028039, 2350511388, 
         3736638421, 269308634, 3523240731, 1488593879, 796449667, 
         461267446, 3584867638, 1526684728, 3035738185, 2411286716, 
         2207463205, 2596019781, 1657017963, 2041736898, 433446436, 
         4206275151, 1288705617, 2051751140, 4117930386 ]
      </state>
      <seed>3348</seed>
   </prng>
   <ffsocket pbc='False' name='driver'>
      <port>31415</port>
   </ffsocket>
   <ffplumed name='plumed' pbc='False'>
      <plumeddat>plumed/plumed.dat</plumeddat>
      <plumedstep>400000</plumedstep>
      <init_file mode='xyz'>./C2H6.xyz</init_file>
   </ffplumed>
   <system>
      <cell shape='(3, 3)'>
       [   1.88972610e+02,   1.15712351e-14,   1.15712351e-14,   0.00000000e+00,   1.88972610e+02, 
           1.15712351e-14,   0.00000000e+00,   0.00000000e+00,   1.88972610e+02 ]
      </cell>
      <motion mode='dynamics'>
         <dynamics mode='nvt'>
            <timestep>  1.03353433e+01</timestep>
            <nmts shape='(1)'> [ 1 ] </nmts>
            <thermostat mode='pile_g'>
               <tau>  4.13413730e+02</tau>
               <ethermo>  1.39218030e-01</ethermo>
            </thermostat>
         </dynamics>
      </motion>
      <beads natoms='8' nbeads='1'>
         <q shape='(1, 24)'>
          [   7.18183151e+00,   7.92523512e+00,   8.90427161e+00,   7.94683285e+00,   7.18746524e+00, 
              6.21140026e+00,   6.26408537e+00,   6.35009832e+00,   9.89460357e+00,   8.78884866e+00, 
              8.43634226e+00,   9.97511458e+00,   5.93747389e+00,   9.62398798e+00,   8.78433080e+00, 
              8.98168331e+00,   5.37559521e+00,   6.23658667e+00,   6.14198204e+00,   6.95378483e+00, 
              5.18150243e+00,   9.10999729e+00,   8.67449035e+00,   5.30675226e+00 ]
         </q>
         <p shape='(1, 24)'>
          [   1.99470034e-01,  -7.93770858e-01,   7.23433700e-01,   1.46864469e+00,  -6.01802376e+00, 
             -1.40455894e+00,   3.08663262e-01,   1.53394600e+00,  -3.58237412e-01,   8.79831982e-02, 
              1.11354233e+00,   6.04375930e-01,  -2.33293353e+00,   2.26663701e+00,   3.70548512e-01, 
              2.79579111e-01,   9.54953703e-01,   6.26684392e-01,  -1.23013531e+00,   4.98815359e-01, 
             -1.70265748e+00,   1.21872855e+00,   4.43900217e-01,   1.14041129e+00 ]
         </p>
         <m shape='(8)'>
          [   2.18941669e+04,   2.18941669e+04,   1.83736223e+03,   1.83736223e+03,   1.83736223e+03, 
              1.83736223e+03,   1.83736223e+03,   1.83736223e+03 ]
         </m>
         <names shape='(8)'>
          [ C, C, H, H, H, 
            H, H, H ]
         </names>
      </beads>
      <forces>
         <force forcefield='driver'>
         </force>
      </forces>
      <ensemble>
         <temperature>  9.50044560e-04</temperature>
         <eens>  4.07848380e-03</eens>
         <bias_weights shape='(1)'> [   1.00000000e+00 ] </bias_weights>
         <bias>
            <force forcefield='plumed' nbeads='1'>
            </force>
         </bias>
         <time>  4.13413730e+06</time>
         <hamiltonian_weights shape='(1)'> [   1.00000000e+00 ] </hamiltonian_weights>
      </ensemble>
   </system>
</simulation>
