<simulation verbosity='high'>
   <step>40000</step>
   <total_steps>40000</total_steps>
   <output prefix='simulation'>
      <properties stride='20' shape='(7)'>
       [ step, time{picosecond}, conserved{kelvin}, temperature{kelvin}, kinetic_cv{kelvin}, 
         potential{electronvolt}, pressure_cv{megapascal} ]
      </properties>
      <trajectory filename='pos' stride='20' cell_units='angstrom'>positions{angstrom}</trajectory>
      <trajectory filename='force' stride='20' cell_units='angstrom'>forces{piconewton}</trajectory>
   </output>
   <prng>
      <set_pos>186</set_pos>
      <state shape='(624)'>
       [ 3113141219, 3280496700, 1883956345, 1966646322, 4040878284, 
         1747206537, 4253750827, 1270538491, 2518445276, 2639528883, 
         835423762, 1443132196, 3285212981, 880368137, 79667253, 
         3894769038, 4072727636, 145638975, 3462475382, 213769260, 
         3815783873, 2908182473, 2167600814, 3525857736, 1902296610, 
         3942550155, 1745843155, 1052702539, 1729278097, 1322099212, 
         108344936, 1618279422, 87838149, 1111911192, 1769820559, 
         2144114953, 2491019428, 687121152, 896282190, 3560565071, 
         1103044294, 1043948729, 3602158401, 4261190963, 2923418954, 
         1972195132, 756449748, 2286895191, 3589192492, 1244938849, 
         3343043350, 4269642684, 227018709, 960391327, 1907644185, 
         3347463719, 2977656120, 653767611, 912853016, 2777336011, 
         739373971, 1146435142, 1438561838, 1469877497, 3322883515, 
         1127863232, 442646146, 2097907621, 3636809768, 3197014778, 
         2229251205, 2132544152, 3737982560, 3595498732, 850404719, 
         2297518303, 3559540967, 560065932, 3754658652, 2960328476, 
         2273819059, 2468829886, 1007699861, 2130496409, 773466278, 
         2334355596, 2873344032, 3214771908, 1255397992, 1382322636, 
         3149917996, 2295982592, 1945103031, 228322927, 2617490458, 
         2576604755, 2325827616, 3949119047, 3575441564, 3844156347, 
         2349902527, 3309729631, 1345262984, 3285556443, 3772302890, 
         3485708662, 914598562, 2962594871, 1294285411, 4151007816, 
         1187187257, 204509740, 354576963, 2931410035, 3324429879, 
         984003976, 4211422664, 1122643797, 1144335298, 1175835403, 
         2445656892, 2728153514, 1907606224, 186028531, 3634452179, 
         1759750774, 3201039794, 3102441742, 528045805, 913006417, 
         799370616, 1867056122, 4086576090, 1962869777, 3179974247, 
         3188781013, 2934520942, 4126856087, 2264700396, 2336234588, 
         2775036913, 3642183112, 824133218, 4144684178, 1291892408, 
         3006672893, 2268303956, 3893119197, 2981796095, 1259076485, 
         2981093770, 108961596, 2900579516, 1940645980, 3031552613, 
         96769134, 3427563679, 1010159803, 2357131886, 4293014089, 
         2376039891, 2588071725, 560221257, 2821818570, 1856281966, 
         2286576410, 3202528882, 1841386457, 1726819672, 1483465690, 
         443029536, 2236726554, 1721742198, 1728142026, 1774616165, 
         3750064713, 3210069407, 2855468054, 717402020, 334126482, 
         2693370366, 3450590909, 309926518, 1928144423, 1827213867, 
         3116677634, 3112276636, 3465051030, 3992917772, 955271879, 
         1123685191, 1583256634, 2307039171, 2036649212, 2487496452, 
         2915198348, 1382938094, 1164098670, 1280438454, 869711994, 
         3559554076, 711325292, 2015160870, 121542497, 2556244811, 
         4197762804, 3729385231, 94332251, 441610007, 1340654469, 
         417418040, 178385938, 550086449, 2571917652, 1936153474, 
         2443485954, 1119636045, 1910353025, 1258449122, 666665860, 
         3632276433, 34255382, 2562132270, 2506597507, 4112322834, 
         271798942, 2281829968, 2985588243, 2781617434, 3641329296, 
         2771430132, 4044605488, 3154121820, 3386608308, 1846676388, 
         3808574701, 2478001487, 78894371, 2470691193, 1923666403, 
         523233216, 2482314382, 1316885095, 901183887, 3721603169, 
         3668942571, 3556750506, 2598579898, 2682637084, 3912661072, 
         1551937373, 4167868361, 4200941015, 1192461157, 4104246137, 
         2445930629, 3587939185, 1339021031, 361202524, 1895440595, 
         2087994809, 339862327, 2766896409, 2503829935, 551243737, 
         3177227360, 3389477644, 3832123206, 1876745749, 227893649, 
         4055587303, 3674103109, 2583405929, 63021840, 1345103008, 
         1921302157, 2513724765, 3988103355, 2743085999, 623135353, 
         3029777349, 644326696, 1863226973, 2752264353, 807148158, 
         3911518824, 3771667169, 4047881163, 1455172763, 2487377191, 
         3108290631, 2871916039, 2509842964, 2523212719, 4167636841, 
         96693829, 312674282, 1850043271, 2453415304, 414656032, 
         1337707011, 1755213356, 1749968626, 87186323, 3506001650, 
         2197871873, 1230732938, 1556371649, 3967569544, 367668002, 
         102149890, 4032314156, 2871323888, 190007711, 2292808796, 
         3725731029, 439876023, 1038681561, 2951040235, 2957654102, 
         2165263943, 56860349, 4247677283, 3785807846, 643953698, 
         203236320, 3332945776, 583629142, 2938448043, 1849163208, 
         1112773941, 2092773581, 25815655, 2979260808, 894971279, 
         3139949151, 2801600509, 3745910219, 1166559228, 1863415041, 
         3079009743, 1517708514, 3897538440, 434716313, 3044087102, 
         3880493655, 3976806762, 3404593572, 115599917, 863500141, 
         2274977495, 953431509, 4095768724, 3000365763, 2535537351, 
         416792023, 1378359390, 1897150385, 1012662979, 3847190526, 
         4205616295, 3589644384, 1996600668, 2769953098, 1762576344, 
         2120564136, 967722430, 3705768380, 1462633931, 3684422393, 
         4197859322, 1292212836, 2323827100, 2747766452, 3132435154, 
         3817835151, 2673961983, 730815952, 523635555, 802113243, 
         3584094335, 3489785793, 2524929462, 3283013170, 979329845, 
         159098863, 3909694135, 1864100660, 3972516166, 4139897257, 
         2910959020, 1892011380, 2437725032, 2360544357, 3499613483, 
         3402808088, 1446549919, 3300858787, 135063109, 2475601130, 
         3844226009, 2410735049, 835873660, 2743561291, 2713670314, 
         2836119880, 3369561271, 1582094817, 3334471764, 1382508222, 
         255127226, 880233603, 1133625112, 600065445, 3344726086, 
         3613603482, 3520981092, 4039267687, 2956869423, 3667717417, 
         1938909845, 3796930760, 1029570321, 4065786356, 4021001192, 
         4271875986, 1827210006, 2020941155, 2660512835, 2851851734, 
         735679378, 1080885608, 524318604, 4084042914, 2367137312, 
         2035654295, 966118630, 158118298, 3455998295, 1545643532, 
         3378999457, 1286512392, 1528423999, 1590771568, 223368337, 
         1074568055, 3085677285, 1807207300, 1851931251, 1444762723, 
         200051622, 2906990075, 3001584306, 751943154, 1028481254, 
         1266088123, 631196122, 1320978328, 826096820, 2483857631, 
         703790653, 3679795982, 3008719626, 420445679, 1122391304, 
         3598752595, 2005779222, 1636407386, 2335504731, 3575946788, 
         1885298143, 2050443001, 1167228512, 3712142703, 150899321, 
         3204113670, 1009852127, 1414403340, 2438074974, 3926103691, 
         3304642871, 2650377850, 150689416, 2088653244, 1390488633, 
         2926307762, 549701090, 4099741510, 225127752, 2452524040, 
         880977777, 2172076293, 1258211587, 3158382308, 101369387, 
         1848780425, 2010046170, 895505854, 982516994, 1179691605, 
         1014122822, 2119477292, 3310058323, 2751845928, 250868902, 
         3081679084, 2065569640, 2296897370, 4180172143, 3332022536, 
         730950362, 2019319172, 1137246670, 691524736, 4004568033, 
         3575128101, 1862202602, 313776916, 193902716, 259864744, 
         3515766667, 1502945906, 3479602051, 3959795661, 1578027523, 
         774276159, 3096438585, 3443604927, 855818729, 3134774849, 
         2382973889, 1719669041, 794729989, 799658501, 1056749422, 
         542189413, 1304128633, 743383217, 3007880125, 2006533306, 
         1962504862, 2972620306, 2371908608, 1506796269, 2574456477, 
         1469081447, 1273158952, 1410468349, 484428978, 2590882481, 
         692887434, 2140499229, 773863519, 3531374585, 3017083681, 
         1722108933, 4003454118, 1003099220, 285986614, 1010557386, 
         777426399, 3705272307, 3066201808, 3868446460, 2839055796, 
         3001438076, 2341639930, 3133639429, 1093279023, 165600894, 
         2377076913, 1482020765, 104352710, 208728578, 1207810387, 
         3343317667, 287983917, 44692293, 3784647429, 1631051728, 
         1806775980, 2422741236, 1443336518, 1186142987, 531180241, 
         2186818076, 1767783502, 4206037916, 703189228, 1768311228, 
         681794134, 3758869745, 3952927352, 2947686760, 453243305, 
         1261370108, 3768467823, 3646847943, 1104937758, 2099495763, 
         4165733387, 530669377, 1870551622, 3188450656, 1459989897, 
         1023302191, 725361171, 1158969566, 980746263, 2769915231, 
         3961705425, 1524717829, 3642314408, 3961639721, 2955537230, 
         2103818015, 1528165216, 988970637, 1348091331, 1759457004, 
         2759703294, 2938315906, 3649000810, 2482456753 ]
      </state>
      <has_gauss>1</has_gauss>
      <seed>3348</seed>
      <gauss>  6.31016808e-01</gauss>
   </prng>
   <ffsocket pbc='False' name='driver'>
      <port>31415</port>
   </ffsocket>
   <system>
      <cell shape='(3, 3)'>
       [   1.88972610e+02,   1.15712351e-14,   1.15712351e-14,   0.00000000e+00,   1.88972610e+02, 
           1.15712351e-14,   0.00000000e+00,   0.00000000e+00,   1.88972610e+02 ]
      </cell>
      <motion mode='dynamics'>
         <dynamics mode='nvt'>
            <timestep>  1.03353433e+01</timestep>
            <nmts shape='(1)'> [ 1 ] </nmts>
            <thermostat mode='pile_g'>
               <tau>  4.13413730e+02</tau>
               <ethermo> -1.14897948e-03</ethermo>
            </thermostat>
         </dynamics>
      </motion>
      <beads natoms='6' nbeads='4'>
         <q shape='(4, 18)'>
          [   5.10684252e-01,  -4.16209847e-02,  -2.55453682e+00,   2.21907759e+00,  -3.91897142e-01, 
             -3.09379292e+00,  -5.31653881e-01,  -1.41928053e+00,  -3.26682520e+00,  -7.02960253e-01, 
              1.05540371e+00,   2.46483636e+00,  -2.50854874e+00,   9.72454786e-01,   1.86431420e+00, 
              3.35569233e-02,   8.82383049e-01,   8.08540285e-01,   3.36448878e-01,  -1.80446178e-01, 
             -2.61478424e+00,   1.84185421e+00,   8.61883938e-01,  -3.04598904e+00,   4.64283824e-01, 
             -1.75587797e+00,  -3.63622451e+00,  -5.62214851e-01,   4.98363554e-01,   2.35858893e+00, 
             -2.36139917e+00,   1.06874442e+00,   2.27882290e+00,  -1.58530176e-01,   2.16850892e-01, 
              6.00438952e-01,   1.71650738e-01,  -9.62856263e-02,  -2.56495142e+00,   1.83889341e+00, 
              7.57517636e-01,  -2.53451252e+00,   6.97167397e-01,  -1.89304876e+00,  -2.70839930e+00, 
             -5.06788969e-01,   3.51457775e-01,   2.60153270e+00,  -2.30344820e+00,   5.38244605e-01, 
              2.62501645e+00,  -2.27114543e-01,   2.30537832e-01,   7.61995971e-01,   2.59031981e-01, 
             -1.27293020e-01,  -2.46690798e+00,   2.14730692e+00,  -2.47401536e-01,  -2.61021709e+00, 
             -2.50023425e-01,  -1.67237329e+00,  -3.33226609e+00,  -7.76659250e-01,   6.39706314e-01, 
              2.84720349e+00,  -2.59431934e+00,   8.20699632e-01,   2.60827494e+00,  -1.76662683e-01, 
              7.02262402e-01,   1.04746819e+00 ]
         </q>
         <p shape='(4, 18)'>
          [   8.34750003e-01,   1.58505398e+00,  -3.79489707e+00,  -1.62936794e+00,  -1.79290986e+00, 
              6.09447540e-01,  -6.97364803e-01,   2.81660799e-01,   2.07656431e+00,  -5.59332066e-01, 
             -1.83354228e+00,  -4.75862788e+00,  -1.23977565e+00,  -1.08276331e+00,   1.68223985e-02, 
             -2.73589816e-01,  -5.79784866e-01,   1.70440936e+00,   8.52952678e+00,   1.47877747e+00, 
              1.76533843e+00,  -3.48783548e-01,   1.10582281e+00,  -6.69670581e-01,  -8.77574559e-01, 
              7.08641175e-01,   3.19191814e-01,  -2.92024344e+00,  -3.52379268e+00,   2.06270601e+00, 
              1.28387046e+00,   2.48830382e-01,   1.19448054e+00,  -2.37935924e+00,   9.08021119e-04, 
              8.25158656e-01,  -3.81959313e-02,  -2.57083171e+00,   8.80158438e-01,  -1.31689822e+00, 
             -9.08279832e-01,   1.22921825e-01,   5.98908406e-02,  -1.51758551e+00,  -4.40473198e-01, 
             -2.65742605e+00,   5.73585850e+00,  -5.37391649e-01,   1.89671565e+00,   6.64088432e-01, 
              5.39922894e-01,  -1.14410545e-01,   6.42508511e-01,  -9.88570391e-01,  -4.53612798e+00, 
              4.82293564e+00,   3.63453914e+00,   4.06679336e-01,  -5.28472420e-01,  -6.00250355e-02, 
              2.13151122e+00,  -1.17951717e-01,  -1.10152423e-01,   4.75466544e+00,  -8.38559565e-01, 
             -3.41644047e+00,   6.88412827e-02,  -9.17323168e-01,  -1.27422631e+00,  -3.78001209e-01, 
             -1.06328880e+00,   2.98813642e-01 ]
         </p>
         <m shape='(6)'>
          [   2.91651223e+04,   1.83736223e+03,   1.83736223e+03,   2.91651223e+04,   1.83736223e+03, 
              1.83736223e+03 ]
         </m>
         <names shape='(6)'>
          [ O, H, H, O, H, 
            H ]
         </names>
      </beads>
      <forces>
         <force forcefield='driver'>
         </force>
      </forces>
      <ensemble>
         <temperature>  1.58340760e-04</temperature>
         <eens>  1.65338367e-03</eens>
         <time>  4.13413730e+05</time>
         <hamiltonian_weights shape='(1)'> [   1.00000000e+00 ] </hamiltonian_weights>
      </ensemble>
   </system>
</simulation>
