<simulation verbosity='high'>
   <step>1000</step>
   <output prefix='simulation'>
      <properties stride='5' shape='(7)'>
       [ step, time{picosecond}, conserved{kelvin}, temperature{kelvin}, kinetic_cv{kelvin}, 
         potential{electronvolt}, pressure_cv{megapascal} ]
      </properties>
      <trajectory filename='pos' stride='5' cell_units='angstrom'>positions{angstrom}</trajectory>
      <trajectory filename='force' stride='5' cell_units='angstrom'>forces{piconewton}</trajectory>
   </output>
   <prng>
      <set_pos>92</set_pos>
      <state shape='(624)'>
       [ 1003574349, 2511823840, 2423044142, 2335114896, 1907984814, 
         149507233, 3364346680, 2933983758, 1676104931, 2103826665, 
         1120091607, 4203172662, 3232236777, 402719159, 3945849699, 
         4224631170, 2566301725, 2995933706, 396152199, 383336325, 
         1796398220, 1864985199, 3802926579, 1582344830, 1241990545, 
         3618975076, 77991934, 1959413179, 3014807585, 616712040, 
         2871970671, 370577937, 95186444, 710288331, 200688142, 
         1728480544, 837144392, 4251529114, 1382046146, 1406232317, 
         2470756357, 441794899, 3409631739, 1683941214, 1998586941, 
         716728250, 238374561, 952889970, 2834161955, 2844013282, 
         962679673, 4151611877, 2860208602, 1861462535, 1574757730, 
         1703055909, 3272285860, 3397191876, 3820284111, 3216888309, 
         1674377408, 1063745110, 298221884, 3726276261, 1918824597, 
         2789474537, 964702232, 1794623794, 986074888, 522399120, 
         104508793, 1725672981, 2254284531, 3696758855, 2473723498, 
         1729599952, 115179635, 3774432473, 2364797414, 1808265168, 
         3243579988, 1119415225, 3993745445, 3890029502, 3050840290, 
         2797302857, 1412724073, 1253529042, 3552323388, 1724094863, 
         149513092, 2077071405, 2866863986, 1676191936, 1592873493, 
         373117196, 906377295, 3420953110, 2199406579, 699991163, 
         3475265989, 1808279614, 2250445038, 1240562733, 2853739023, 
         3140661434, 1698829176, 245512733, 3666856102, 3100008197, 
         1498141229, 3327365051, 3116692982, 3439541577, 2674132267, 
         129483183, 3900104155, 3870765836, 2856311839, 1921323596, 
         1152729349, 1289129449, 1751297801, 1287157103, 715905729, 
         2619462674, 2573455002, 2997079115, 2102460128, 1455766970, 
         1692390293, 1662116231, 1029149305, 3052145758, 767921000, 
         3733992709, 1889451469, 4137415185, 3076294919, 2193031520, 
         607001767, 2437252466, 4289701707, 3253614790, 117731436, 
         2043999907, 3654245698, 3675291639, 1913062025, 865847488, 
         2307243330, 63945393, 2003861404, 890639451, 3983582673, 
         4233758477, 3973027560, 1577936859, 3717681384, 2989713780, 
         3124435221, 3600980260, 1804765246, 4213561448, 2356584547, 
         2302418644, 722691657, 2122589123, 3422314865, 3210325266, 
         1221248046, 987934416, 3942377633, 2568943182, 3784554440, 
         3715987325, 382009579, 3218592076, 2954299714, 4094789133, 
         355402745, 1936989897, 3089544893, 2941605696, 371438164, 
         1233670456, 476248091, 3432186372, 131088837, 4111173840, 
         3710868058, 1071205906, 2694169542, 1295729312, 4148078581, 
         1931566679, 1849383664, 3861712130, 4151578264, 2277090209, 
         279954799, 1543823646, 3917332072, 1500906323, 2073230514, 
         777399339, 4256284637, 3228049005, 1047978676, 1951926959, 
         154691530, 751407859, 193744172, 1922415613, 828354850, 
         1587401982, 1675390635, 367128315, 1387980504, 3110095108, 
         178878905, 3867419740, 413380109, 3294041581, 2421282951, 
         2073730143, 1902839624, 2060694247, 1358545633, 2639691125, 
         136223778, 384566989, 2848036813, 3677625577, 2072650034, 
         3867388618, 537582271, 3892690593, 4048881397, 658225079, 
         2021717715, 3809047861, 1107568315, 8157898, 1108463400, 
         787468475, 568434462, 2985734720, 975871013, 2441939112, 
         2217283633, 2277960496, 866103171, 4227288913, 1552697675, 
         1708813286, 3379146971, 498565994, 2779376357, 250711533, 
         4053598469, 3334730033, 1219122793, 2068153953, 1809892976, 
         2360109406, 578712731, 3381917745, 1052796331, 3341496635, 
         3611179080, 1261994827, 2250609785, 2171572027, 2788460206, 
         1907778207, 2996039837, 1811667324, 453095452, 2920363504, 
         3748779785, 700273025, 286023826, 3694254928, 2701717189, 
         724671374, 2827711826, 310395750, 3503289835, 1821065271, 
         2923103477, 1537837991, 551585160, 2402537351, 723833053, 
         4217631440, 2488438174, 2392900680, 4003932227, 1567475578, 
         263113739, 2427209670, 1373919218, 3277345550, 2868293571, 
         1010921362, 3010392034, 3964145930, 602441757, 38077806, 
         2374327341, 770050396, 3400556042, 2796452536, 1360618026, 
         2255880732, 4184875122, 1116415970, 2756908563, 1282383302, 
         97133242, 2513793898, 3292886951, 4046531873, 2274102796, 
         1666034914, 1814177562, 782299589, 2750912853, 1244281804, 
         1807956678, 3925298815, 1802554612, 3783615668, 1406810407, 
         594299552, 2500932601, 2248845349, 4280039155, 4117383936, 
         2635053356, 786666923, 3832499362, 3512455222, 3210803238, 
         614613379, 1053704296, 3667591092, 2715881467, 3578046752, 
         264826548, 47590810, 219583582, 794031707, 1864650023, 
         1948376587, 2434020606, 1854634207, 2322859302, 2803083216, 
         2589371880, 3417221374, 2943516238, 1861306673, 3116625664, 
         3782709851, 1416154598, 3056905000, 1945042013, 1474243321, 
         996110793, 2747846663, 128567446, 374599538, 2388702787, 
         249597129, 2277838398, 3277646559, 3663227946, 1608164945, 
         3623099813, 1328654125, 3084805458, 3767039855, 3797649350, 
         1059015081, 3845016390, 2116672953, 2678172135, 2579179367, 
         3836995568, 2751559830, 2757589668, 4097873029, 768375077, 
         2091849558, 853559147, 3000304526, 1969374926, 350967660, 
         3316015504, 1667057956, 1809784576, 653486897, 4060591902, 
         1944964434, 550544361, 673725243, 4233438657, 826110097, 
         687440334, 554120971, 3488398373, 3581976535, 1697444544, 
         2365691355, 2519708883, 1132781974, 1779007765, 4288972528, 
         3108214426, 1471268865, 2741814251, 3054428233, 2486919018, 
         3583713408, 4002546701, 3251106351, 1072659119, 3110391937, 
         1661629835, 1192572422, 999311995, 3754102015, 3437317577, 
         1591445676, 2238926028, 2027261526, 3472707893, 933092560, 
         3874855839, 3666565250, 3045840425, 1879295901, 4009197753, 
         1961959984, 1790638064, 1964943057, 3113268037, 3809955510, 
         1723676449, 3320047156, 1797062943, 252543303, 2789604145, 
         2984724419, 931248032, 3045547182, 124314859, 3853930507, 
         637612007, 3322601679, 279827251, 2844498236, 37798893, 
         193134752, 1219108750, 2085089944, 3560219215, 905776067, 
         3666220854, 419396512, 2136577752, 3715657030, 44131311, 
         3511963984, 4195170354, 2753541615, 4033736529, 3070118407, 
         1604479569, 414258421, 712919842, 1821012797, 1006930569, 
         2661185204, 3340640897, 75715017, 1040564564, 348282224, 
         3212653081, 3440726985, 2934353787, 236468602, 3996515204, 
         2243204747, 1607585343, 2230686906, 32915372, 4179048187, 
         1877446359, 1902646269, 3112933912, 1943834191, 3826265950, 
         393017990, 1150467607, 2370539614, 3299582596, 821708573, 
         4204726611, 3339759841, 2652962533, 75372356, 2461657276, 
         1774342839, 113742204, 1166882997, 830834726, 4110036997, 
         2864761359, 671657480, 1817431679, 2201909362, 2965921833, 
         3631634409, 4198609409, 2035300072, 1712815450, 1267319294, 
         3386741541, 3711880632, 852615279, 163559876, 3739175824, 
         462744761, 1066998582, 81480510, 1558609484, 3061157136, 
         3592951354, 2983450753, 3857982251, 374910872, 2584413108, 
         9520219, 2520009253, 9680053, 2243568689, 1631887545, 
         2886548536, 3279697959, 3858296176, 1457697248, 1054894135, 
         2927790324, 3001647973, 312241126, 1975754650, 3283701628, 
         3182036128, 4155665257, 2530313927, 856617430, 1258466300, 
         1575511664, 2713107520, 3437005070, 647921526, 436701004, 
         3228310720, 616124814, 912557161, 2481445192, 2109947829, 
         4089534425, 1409139895, 1669169872, 1295094244, 3009420344, 
         206491566, 250715370, 651493849, 4015741222, 3985549535, 
         2752822759, 3733630231, 3900296787, 1548027124, 3724240689, 
         3537294765, 550343664, 4271055493, 2170098634, 3696102988, 
         369246156, 3835487565, 3947638800, 3019049007, 1071818212, 
         1047175213, 2368433088, 980436285, 79138456, 3044960816, 
         299880113, 943379496, 3789272155, 2752086350, 3719686096, 
         2305290250, 826732188, 1497142894, 2008879248, 3676116393, 
         1534757089, 1026076017, 627591, 4255593490, 904756593, 
         255635077, 3941419372, 1780654894, 3053477266 ]
      </state>
      <seed>3348</seed>
   </prng>
   <ffsocket pbc='False' name='driver'>
      <port>31415</port>
   </ffsocket>
   <system>
      <cell shape='(3, 3)'>
       [   7.12300000e+01,   4.36157958e-15,   4.36157958e-15,   0.00000000e+00,   7.12300000e+01, 
           4.36157958e-15,   0.00000000e+00,   0.00000000e+00,   7.12300000e+01 ]
      </cell>
      <motion mode='dynamics'>
         <dynamics mode='nvt'>
            <timestep>  1.03353433e+01</timestep>
            <nmts shape='(1)'> [ 1 ] </nmts>
            <thermostat mode='pile_g'>
               <tau>  2.06706865e+03</tau>
               <ethermo>  8.04036988e-02</ethermo>
            </thermostat>
         </dynamics>
      </motion>
      <beads natoms='2' nbeads='4'>
         <q shape='(4, 6)'>
          [  -1.54301271e-01,   6.00038171e-01,  -5.87509155e-01,   2.65337415e-02,  -1.90904513e-01, 
              4.63487804e-01,  -2.10083518e-02,   7.80311882e-01,  -2.32252419e-01,  -1.95342019e-01, 
             -4.23432112e-01,   4.94959235e-01,   4.72972579e-02,   8.24857235e-01,  -1.67675391e-01, 
             -1.37609944e-01,  -4.44723606e-01,   1.72315374e-01,  -2.25637238e-02,   6.96938097e-01, 
             -1.21770084e-01,   4.56994355e-01,  -6.43085003e-01,   1.84447318e-02 ]
         </q>
         <p shape='(4, 6)'>
          [  -1.30920434e+00,  -1.89001911e+00,   2.61517601e+00,   2.84374976e+00,  -1.43629258e+00, 
             -1.68427666e+00,   4.40158272e+00,   3.44191224e+00,  -2.92866702e+00,  -2.55957270e+00, 
             -2.17549972e-01,  -1.56228383e+00,  -2.35318470e+00,  -3.19741981e+00,  -3.34746189e+00, 
             -6.58645630e-02,   3.01698931e-01,   2.08610062e+00,  -4.46952915e+00,  -1.02122872e+00, 
              7.73325130e-01,   3.51202297e+00,   4.01889903e+00,   4.04808764e+00 ]
         </p>
         <m shape='(2)'> [   1.83736223e+03,   1.83736223e+03 ] </m>
         <names shape='(2)'> [ H, H ] </names>
      </beads>
      <forces>
         <force forcefield='driver'>
         </force>
      </forces>
      <ensemble>
         <temperature>  9.50044560e-04</temperature>
         <eens>  1.93510302e-02</eens>
         <time>  1.03353433e+04</time>
         <hamiltonian_weights shape='(1)'> [   1.00000000e+00 ] </hamiltonian_weights>
      </ensemble>
   </system>
</simulation>
