<simulation verbosity='high'>
   <step>40000</step>
   <total_steps>40000</total_steps>
   <output prefix='simulation'>
      <properties stride='20' shape='(7)'>
       [ step, time{picosecond}, conserved{kelvin}, temperature{kelvin}, kinetic_cv{kelvin}, 
         potential{electronvolt}, pressure_cv{megapascal} ]
      </properties>
      <trajectory filename='pos' stride='20' cell_units='angstrom'>positions{angstrom}</trajectory>
      <trajectory filename='force' stride='20' cell_units='angstrom'>forces{piconewton}</trajectory>
   </output>
   <prng>
      <set_pos>108</set_pos>
      <state shape='(624)'>
       [ 2179204225, 569726612, 128365737, 2265862089, 925134774, 
         1787035418, 331685576, 4087642125, 3195304631, 1494133142, 
         1290372766, 2893174732, 1614246684, 3139037049, 1765207918, 
         242764833, 530214610, 3584111966, 3751063409, 3071759210, 
         4105845717, 380662549, 907931936, 4182688273, 1662078584, 
         3536370173, 3351696792, 395852696, 2468313738, 1418875221, 
         2628206827, 1905225024, 1009627802, 684979468, 68509428, 
         460958286, 61937720, 3632664371, 2142271022, 2994697170, 
         2606363323, 2574418301, 1706374856, 2170576361, 3646755893, 
         3678499836, 2742091570, 659960865, 992116072, 4047288763, 
         2668223004, 651662165, 2030129749, 548540734, 4112453426, 
         3120492306, 3240714151, 2803172724, 1265971583, 1825627757, 
         2661450160, 3367096238, 1118542918, 884521438, 1498347228, 
         3191013098, 3014232070, 1089214094, 3431074220, 235450097, 
         230899981, 4056193316, 3270355508, 4150934929, 1286083266, 
         962877689, 3405342560, 2806333005, 4107227187, 3653466654, 
         404877530, 3590711960, 3558839952, 289660100, 3443344459, 
         2116595409, 1896694539, 2350295931, 64227872, 386812980, 
         4208968078, 2238137620, 3881260677, 1625082889, 2523771161, 
         3304013105, 3101862265, 2650170716, 1782269159, 132314419, 
         115330341, 357330333, 529129337, 3491998168, 1679380124, 
         4028925763, 2893195684, 3617659020, 3784719897, 213152117, 
         2551178960, 474047632, 1724957218, 1267795233, 4257696573, 
         3201978095, 2951698652, 3416214594, 3753923242, 1052128068, 
         1571837305, 3011441997, 2629877211, 3202429793, 3626125039, 
         367129381, 2436539348, 1902342491, 3324350787, 2117551123, 
         3672175831, 2112287085, 2255877028, 70355334, 340071026, 
         659070161, 3729612384, 3736714577, 1801826843, 2404852688, 
         3756396016, 2713989110, 1896579820, 701099187, 3764536865, 
         3391187673, 1305655100, 400947018, 2068609920, 3798001047, 
         2442131421, 3939358381, 2984782915, 769328216, 3944891802, 
         2638436456, 2292107899, 1386027243, 1992782583, 1286372326, 
         3627806325, 1340562200, 3522226932, 3659830145, 2871034552, 
         2816098253, 888130555, 1182600182, 3583812563, 3890418316, 
         424084879, 2183826999, 2816901858, 2048651681, 1988986987, 
         897664195, 619003815, 2881295749, 3214284949, 1728085271, 
         3487331375, 1176970147, 3066291907, 509893520, 4127517664, 
         2161149471, 62800967, 1517837691, 3310891077, 632071819, 
         1235013062, 972881129, 3450210171, 3005245310, 3397589400, 
         512151292, 1223258443, 3962291022, 2175703617, 713245868, 
         3044173280, 1261095590, 2676661977, 3497135077, 3852474616, 
         3042135263, 1037211257, 303603774, 3219786071, 1558570942, 
         1935449773, 2848252001, 1694379032, 2248819591, 1896629423, 
         2227212425, 333291347, 901088592, 1383849775, 2081041460, 
         712488371, 226897314, 3459795801, 1947279989, 4157367173, 
         2713594042, 2681823670, 889217656, 264590358, 2257191032, 
         1836709314, 1406033886, 2302699486, 2121198001, 1947835234, 
         1156073475, 1131865301, 4118883118, 2941675574, 2501219781, 
         1067547486, 3056629529, 2602114437, 1971129923, 3701586088, 
         3783554077, 2384401005, 3336615952, 459730522, 1837310335, 
         2123105832, 1972109342, 1682449552, 677739249, 1721188722, 
         1977702374, 2887676325, 2696052292, 2328463387, 1343831688, 
         193620252, 4231084210, 333181219, 247714131, 446445045, 
         2975750197, 611686549, 72061956, 539593618, 1662085296, 
         2323601359, 2122691406, 2462263965, 1718382819, 2157391538, 
         1373568238, 3304882028, 2998850973, 681155556, 589335380, 
         2038982982, 3053437618, 2874695907, 2934055646, 1969871744, 
         1813663813, 3023384188, 3364787756, 3895654344, 246822788, 
         2769164728, 2117081558, 3956500409, 2543086667, 2065243765, 
         369169119, 111442323, 1695699869, 631235875, 2226343839, 
         2079418577, 3801923994, 911007968, 220727658, 1060029360, 
         15065007, 3294395836, 2808741476, 3736084312, 187183973, 
         1975158254, 4209941688, 1619041730, 3155088471, 312797647, 
         927564309, 2380206330, 4056048092, 4106154645, 2098746739, 
         703275618, 3763458326, 2525742664, 472557975, 1420678781, 
         744429310, 2162177202, 1483091585, 2783083280, 2715635428, 
         807723096, 172897424, 1647094097, 3283514397, 1910376853, 
         1414156223, 601887632, 2669454783, 1797349104, 3522388926, 
         1243608282, 3678718697, 1799240538, 3857628581, 2787664866, 
         4115762036, 2005301516, 584315554, 1596742653, 2596124961, 
         4123641773, 1396406403, 4141886567, 890919741, 44077243, 
         4109849153, 1932751532, 4235989768, 2570899998, 2119132806, 
         2009771714, 180812291, 2730916771, 2802201617, 2306803192, 
         1866426644, 600313661, 3367809749, 3785533228, 2449024178, 
         825148680, 956534404, 652006968, 1039671824, 3164615020, 
         2828651972, 485556195, 1014666586, 3621765670, 2406814351, 
         3244333901, 1340153719, 3431432815, 3900846227, 453143540, 
         2175802636, 4090998876, 2914042624, 966879387, 1132674059, 
         4239835000, 3663152042, 3509970956, 434558277, 600828595, 
         1541786124, 3416610607, 2214297323, 1769284823, 2481653695, 
         1092754642, 3552039906, 1109612551, 3488754695, 2447450014, 
         2548987713, 660342771, 2011451118, 2562065053, 3995797972, 
         2967988589, 3051832714, 856904140, 1626943222, 812933018, 
         4236412714, 3150313224, 1214796520, 2980494436, 3905768075, 
         2409570545, 3690107547, 3594627323, 2965663469, 2838747725, 
         1684525911, 2590323326, 1271516938, 3884562487, 4003869721, 
         1581730634, 941376810, 1232751423, 1428133272, 328246131, 
         461208837, 1822536059, 62320495, 3947989143, 2883051369, 
         437706634, 2749067483, 1827758476, 1810511770, 62515970, 
         2324082683, 2079134530, 3834481309, 1567501970, 4266830394, 
         4091236283, 1575068959, 3512984384, 530945075, 257495480, 
         1327582078, 1653507881, 2783177926, 815277005, 52509093, 
         4124574337, 944977591, 3770323146, 1730269286, 2746925130, 
         4036308773, 2938598856, 3843724907, 308999425, 2581745665, 
         3200190920, 1631802507, 4077312618, 84032979, 1528355669, 
         2184822273, 750787149, 193044469, 3093507194, 2828079280, 
         2704872376, 1057897364, 4284517574, 888452004, 3214294833, 
         2573728230, 3376677142, 534370576, 1921969527, 249004734, 
         4249058469, 3629122505, 228196970, 1316827440, 1377606816, 
         1102278739, 3367771616, 2053767278, 1102986048, 2858600159, 
         77338236, 3953230616, 814748972, 1892568516, 3594978321, 
         2085100063, 2117365390, 170607951, 210824795, 155611027, 
         1592415157, 3604505369, 2550764314, 3766719803, 1712872909, 
         3590380678, 3544312799, 3075670012, 3135084904, 1748204449, 
         349801251, 473606689, 1982301228, 1856003355, 2437212542, 
         2931722022, 1732391912, 508923822, 3060801013, 2235426196, 
         2807565424, 1551821074, 3876824297, 2474982835, 4168775338, 
         3520510720, 2427048154, 1134711189, 801841852, 842912616, 
         3860682792, 2222159716, 1827365537, 2544981253, 3118812453, 
         209722612, 486529434, 2463952120, 2477563499, 2454205604, 
         638454723, 1266087039, 2716870288, 1274857860, 3818327349, 
         3699424653, 2611853244, 1110781702, 3799298037, 3383097872, 
         1887170991, 2539878505, 2537605089, 3563142895, 1331483401, 
         3590650105, 1950694695, 1088216981, 1580028386, 2637502373, 
         3198031657, 2508174346, 808906016, 2381866988, 3383508231, 
         2642167707, 4212389434, 1237598904, 2578028857, 1753159320, 
         697688239, 2594529092, 1234374389, 3284488029, 2777061561, 
         3204598845, 3639741952, 1024306560, 1031485877, 2431974917, 
         912680429, 1208027817, 1132046140, 3572675910, 1061370242, 
         3232218467, 4072213813, 3680013195, 1015644276, 2637100862, 
         4009405572, 3360707641, 2707400423, 1065714523, 3903171195, 
         1396736592, 2789098036, 3589607595, 4086480091, 3135046693, 
         3555472654, 1822379406, 79557682, 2316702503, 2239688174, 
         1631585212, 3157234573, 3648069469, 2258635012, 3096447785, 
         1353841663, 7707029, 302322481, 308274608 ]
      </state>
      <seed>3348</seed>
   </prng>
   <ffsocket pbc='False' name='driver'>
      <port>31415</port>
   </ffsocket>
   <system>
      <cell shape='(3, 3)'>
       [   1.88972610e+02,   1.15712351e-14,   1.15712351e-14,   0.00000000e+00,   1.88972610e+02, 
           1.15712351e-14,   0.00000000e+00,   0.00000000e+00,   1.88972610e+02 ]
      </cell>
      <motion mode='dynamics'>
         <dynamics mode='nvt'>
            <timestep>  1.03353433e+01</timestep>
            <nmts shape='(1)'> [ 1 ] </nmts>
            <thermostat mode='pile_g'>
               <tau>  4.13413730e+02</tau>
               <ethermo> -3.68297270e-02</ethermo>
            </thermostat>
         </dynamics>
      </motion>
      <beads natoms='6' nbeads='8'>
         <q shape='(8, 18)'>
          [  -2.79190826e+00,   3.14047158e-01,   4.36776429e-02,  -3.38016415e+00,   3.42500091e-01, 
             -1.69648123e+00,  -2.84522104e+00,   2.04759836e+00,   5.00011384e-01,   2.67785311e+00, 
             -2.16069147e-01,  -4.83157843e-01,   3.11515641e+00,  -1.69399440e+00,   7.49175370e-01, 
              8.97696853e-01,   1.39778972e-01,   4.18608785e-02,  -2.90092874e+00,   1.93720996e-01, 
              7.52773136e-02,  -3.80438781e+00,  -5.95341101e-02,  -1.61898994e+00,  -3.34006691e+00, 
              1.98529387e+00,   4.98535216e-01,   2.63011932e+00,   8.44511762e-02,  -4.58669007e-01, 
              3.04507613e+00,  -7.85349548e-01,   1.16290641e+00,   7.95282722e-01,   3.17002058e-01, 
             -1.08505145e-01,  -2.70839024e+00,   2.84238815e-01,   2.56090224e-01,  -3.63012552e+00, 
              8.88841823e-02,  -1.36854506e+00,  -3.18574142e+00,   2.02355695e+00,   5.52918077e-01, 
              2.53425074e+00,   2.61630446e-01,  -2.03982741e-01,   3.06583452e+00,  -8.13190579e-01, 
              1.22978604e+00,   6.37705982e-01,   1.21393271e-01,  -1.79046988e-01,  -2.66547513e+00, 
              4.85925764e-01,   3.06234151e-01,  -3.57248187e+00,   3.08104783e-01,  -1.31189251e+00, 
             -2.80022621e+00,   2.22855377e+00,   7.24925876e-01,   2.46620917e+00,   3.18617046e-01, 
             -3.90583605e-01,   2.76946521e+00,  -4.88680661e-01,   1.30483568e+00,   6.75233603e-01, 
              1.05786577e-01,  -6.19812429e-01,  -2.59644198e+00,   6.12085819e-01,   2.72966266e-01, 
             -3.25445724e+00,   6.36002183e-01,  -1.47380495e+00,  -3.08577919e+00,   2.23045468e+00, 
              9.36444521e-01,   2.53794074e+00,   1.90701216e-01,  -5.42096734e-01,   3.14021063e+00, 
             -1.24117112e+00,   5.07641196e-01,   6.19405270e-01,   2.11883157e-01,  -1.26951888e-01, 
             -2.72898579e+00,   6.91302896e-01,   4.05979455e-01,  -3.72769761e+00,   4.28489000e-01, 
             -1.14404237e+00,  -2.71161413e+00,   2.51499081e+00,   5.28723001e-01,   2.37217379e+00, 
             -8.57980400e-02,  -4.15853292e-01,   2.87859607e+00,  -1.56302023e+00,   5.70473015e-01, 
              5.05250335e-01,  -1.12709671e-01,  -3.46032679e-01,  -2.58925796e+00,   4.98215050e-01, 
              4.82702196e-01,  -3.00909758e+00,   1.73334956e-01,  -1.27876842e+00,  -2.85893798e+00, 
              2.36452770e+00,   5.35553098e-01,   2.53281641e+00,  -2.56645739e-01,  -4.23045903e-01, 
              2.95698452e+00,  -1.52104867e+00,   9.41093266e-01,   7.21175909e-01,   4.63943593e-02, 
              2.12275401e-01,  -2.64541960e+00,   3.94801170e-01,   2.58885592e-01,  -3.85998464e+00, 
             -4.46729988e-01,  -7.88724422e-01,  -3.44972277e+00,   2.00172544e+00,   4.55195874e-01, 
              2.54765773e+00,  -2.24206030e-01,  -4.87492204e-01,   2.95581031e+00,  -1.84616077e+00, 
              2.96674699e-01,   7.30169952e-01,  -5.89409545e-02,  -1.66468676e-02 ]
         </q>
         <p shape='(8, 18)'>
          [  -1.31054191e+00,   7.98521800e+00,   2.05508662e+00,   7.95199324e-01,  -1.03538180e+00, 
             -8.82437467e-01,  -1.64430882e+00,   2.13819531e-01,   1.10291994e+00,   6.65958198e+00, 
              9.18622013e+00,  -5.01663017e+00,  -2.60136319e+00,  -3.01961470e+00,  -6.35885000e-01, 
             -1.21370579e+00,   3.58661381e-01,  -2.48251772e+00,  -7.03876955e-01,   3.02420397e+00, 
              9.98035240e+00,  -9.13955222e-01,   3.11090285e-02,   1.36225510e+00,   2.28435849e+00, 
              5.78363893e-01,  -1.08586502e+00,   2.20666154e+00,   3.59599800e+00,  -4.08282280e+00, 
             -1.23970927e+00,  -4.14837512e-01,  -1.73886090e-01,  -1.32835008e+00,  -2.23495627e+00, 
             -9.13503408e-01,   7.27581342e+00,   3.94570664e-01,   3.21764350e+00,   8.87420763e-01, 
             -4.89353391e-01,   1.67315352e+00,  -8.96108161e-01,  -1.34121371e+00,   4.47009474e-01, 
              1.53052958e+00,  -1.87748210e+00,   1.14290085e+01,   5.36087860e-01,   3.63181877e+00, 
              2.13570952e+00,   7.42482473e-01,   4.60160461e-01,   1.63014698e+00,  -4.22906113e-01, 
             -2.52791695e+00,   4.86124230e+00,  -1.00916208e+00,  -4.36634096e-01,   4.78564233e-01, 
             -1.24722387e-01,  -1.09461963e+00,  -2.09686184e+00,  -3.30176680e+00,   2.11584063e+00, 
             -7.83975315e+00,  -1.60605491e+00,   6.61211190e-01,  -5.28768778e-01,   2.83883070e+00, 
              2.91693163e+00,   3.23633671e+00,  -2.08179323e+00,  -5.02089008e-01,  -2.50569391e+00, 
             -6.13646875e-01,  -5.92738750e-01,  -9.57219004e-01,  -2.53210167e-01,  -2.89239797e-01, 
             -3.48075420e-01,   1.70542200e+01,  -8.10347657e+00,   7.52385619e-01,  -2.43912348e-02, 
             -8.87128237e-01,   1.42925155e+00,  -2.42610167e-01,   2.46495632e-01,  -3.85255813e-01, 
             -6.31850068e+00,   4.83908029e+00,   4.93144417e+00,  -1.16574074e+00,   6.19583544e-01, 
              8.27009499e-01,   7.35465099e-01,  -1.64594269e+00,   1.34294093e+00,   9.25772174e+00, 
             -4.63093428e+00,   4.43510723e+00,  -5.04334579e-01,  -1.01976494e-01,  -2.55364394e+00, 
              2.78142889e-01,  -2.27499247e+00,  -1.31163061e+00,  -1.00458919e+01,  -1.72891836e+00, 
             -6.75289058e+00,   3.07358309e-02,  -3.21548677e+00,  -1.09134758e+00,  -1.81367935e+00, 
             -6.23047414e-01,  -3.46140742e+00,   3.31303316e-01,  -1.21421246e+00,   5.19116688e+00, 
             -2.23659254e+00,   2.49694106e-01,   5.79819322e-01,  -2.13836576e+00,   1.34910488e+00, 
              1.63949990e+00,  -3.74320728e-01,   3.78923889e+00,  -8.95932579e+00,  -1.52730144e+00, 
             -3.21995023e-01,   1.06378901e+00,  -4.57220565e-01,  -1.01293218e+00,  -1.21027756e+00, 
             -2.14123837e+00,  -6.32372098e+00,  -1.54994469e+01,  -3.52109770e-01,   1.32260883e+00, 
              4.73925114e+00,  -2.83707524e+00,   3.70908198e-01,   2.34051898e-01 ]
         </p>
         <m shape='(6)'>
          [   2.91651223e+04,   1.83736223e+03,   1.83736223e+03,   2.91651223e+04,   1.83736223e+03, 
              1.83736223e+03 ]
         </m>
         <names shape='(6)'>
          [ O, H, H, O, H, 
            H ]
         </names>
      </beads>
      <forces>
         <force forcefield='driver'>
         </force>
      </forces>
      <ensemble>
         <temperature>  1.58340760e-04</temperature>
         <eens>  3.38903646e-03</eens>
         <time>  4.13413730e+05</time>
         <hamiltonian_weights shape='(1)'> [   1.00000000e+00 ] </hamiltonian_weights>
      </ensemble>
   </system>
</simulation>
